Best objective value: [50.], 
Calculation time: 269.83343744277954, 
Generations: 35, 
Best solution: [(2, 5), (2, 8), (4, 1), (4, 6), (4, 9), (6, 3), (6, 8), (6, 11), (8, 2), (8, 5), (8, 10), (10, 4), (10, 7)], 
Touchdown map: [[0 0 0 0 0 0 0 0 0 0 0 0 0 0 0]
 [0 0 0 0 0 0 0 0 0 0 0 0 0 0 0]
 [0 0 0 0 0 1 1 1 1 1 1 0 0 0 0]
 [0 0 0 0 0 1 1 1 1 1 1 0 0 0 0]
 [0 1 1 1 0 0 1 1 1 1 1 1 0 0 0]
 [0 1 1 1 0 0 1 1 1 1 1 1 0 0 0]
 [0 0 0 1 1 1 0 0 1 1 1 1 1 1 0]
 [0 0 0 1 1 1 0 0 1 1 1 1 1 1 0]
 [0 0 1 1 1 1 1 1 0 0 1 1 1 0 0]
 [0 0 1 1 1 1 1 1 0 0 1 1 1 0 0]
 [0 0 0 0 1 1 1 1 1 1 0 0 0 0 0]
 [0 0 0 0 1 1 1 1 1 1 0 0 0 0 0]
 [0 0 0 0 0 0 0 0 0 0 0 0 0 0 0]
 [0 0 0 0 0 0 0 0 0 0 0 0 0 0 0]
 [0 0 0 0 0 0 0 0 0 0 0 0 0 0 0]]
