Best objective value: 50.0, 
Median objective value: 50.0, 
All objective values: [50.0, 50.0, 50.0, 50.0, 50.0], 
Calculation times: [371.21616888046265, 603.5764846801758, 434.01950693130493, 411.0418350696564, 440.6584756374359], 
Generations: [32, 34, 35, 31, 34], 
Best solution values: [[53.0, 50.0, 50.0, 50.0, 50.0, 50.0, 50.0, 50.0, 50.0, 50.0, 50.0, 50.0, 50.0, 50.0, 50.0, 50.0, 50.0, 50.0, 50.0, 50.0, 50.0, 50.0, 50.0, 50.0, 50.0, 50.0, 50.0, 50.0, 50.0, 50.0, 50.0, 50.0], [52.0, 52.0, 51.0, 50.0, 50.0, 50.0, 50.0, 50.0, 50.0, 50.0, 50.0, 50.0, 50.0, 50.0, 50.0, 50.0, 50.0, 50.0, 50.0, 50.0, 50.0, 50.0, 50.0, 50.0, 50.0, 50.0, 50.0, 50.0, 50.0, 50.0, 50.0, 50.0, 50.0, 50.0], [55.0, 53.0, 53.0, 52.0, 50.0, 50.0, 50.0, 50.0, 50.0, 50.0, 50.0, 50.0, 50.0, 50.0, 50.0, 50.0, 50.0, 50.0, 50.0, 50.0, 50.0, 50.0, 50.0, 50.0, 50.0, 50.0, 50.0, 50.0, 50.0, 50.0, 50.0, 50.0, 50.0, 50.0, 50.0], [50.0, 50.0, 50.0, 50.0, 50.0, 50.0, 50.0, 50.0, 50.0, 50.0, 50.0, 50.0, 50.0, 50.0, 50.0, 50.0, 50.0, 50.0, 50.0, 50.0, 50.0, 50.0, 50.0, 50.0, 50.0, 50.0, 50.0, 50.0, 50.0, 50.0, 50.0], [53.0, 53.0, 52.0, 50.0, 50.0, 50.0, 50.0, 50.0, 50.0, 50.0, 50.0, 50.0, 50.0, 50.0, 50.0, 50.0, 50.0, 50.0, 50.0, 50.0, 50.0, 50.0, 50.0, 50.0, 50.0, 50.0, 50.0, 50.0, 50.0, 50.0, 50.0, 50.0, 50.0, 50.0]], 
Best solution: [(2, 4), (2, 7), (4, 1), (4, 6), (4, 9), (6, 3), (6, 8), (6, 11), (8, 2), (8, 5), (8, 10), (10, 4), (10, 7)], 
Best solution touchdown count: [[0 0 0 0 0 0 0 0 0 0 0 0 0 0 0]
 [0 0 0 0 0 0 0 0 0 0 0 0 0 0 0]
 [0 0 0 0 1 1 1 1 1 1 0 0 0 0 0]
 [0 0 0 0 1 1 1 1 1 1 0 0 0 0 0]
 [0 1 1 1 0 0 1 1 1 1 1 1 0 0 0]
 [0 1 1 1 0 0 1 1 1 1 1 1 0 0 0]
 [0 0 0 1 1 1 0 0 1 1 1 1 1 1 0]
 [0 0 0 1 1 1 0 0 1 1 1 1 1 1 0]
 [0 0 1 1 1 1 1 1 0 0 1 1 1 0 0]
 [0 0 1 1 1 1 1 1 0 0 1 1 1 0 0]
 [0 0 0 0 1 1 1 1 1 1 0 0 0 0 0]
 [0 0 0 0 1 1 1 1 1 1 0 0 0 0 0]
 [0 0 0 0 0 0 0 0 0 0 0 0 0 0 0]
 [0 0 0 0 0 0 0 0 0 0 0 0 0 0 0]
 [0 0 0 0 0 0 0 0 0 0 0 0 0 0 0]]
