Best objective value: [56.], 
Calculation time: 260.30280780792236, 
Generations: 33, 
Best solution: [(1, 8), (2, 5), (3, 10), (4, 7), (5, 2), (6, 9), (7, 4), (8, 1), (8, 11), (9, 6), (10, 3), (11, 8)], 
Touchdown map: [[0 0 0 0 0 0 0 0 0 0 0 0 0 0 0]
 [0 0 0 0 0 0 0 0 1 1 1 0 0 0 0]
 [0 0 0 0 0 1 1 1 1 1 1 0 0 0 0]
 [0 0 0 0 0 1 1 1 1 1 2 1 1 0 0]
 [0 0 0 0 0 1 1 2 1 1 1 1 1 0 0]
 [0 0 1 1 1 0 0 1 1 1 1 1 1 0 0]
 [0 0 1 1 1 0 0 1 1 2 1 1 0 0 0]
 [0 0 1 1 2 1 1 0 0 1 1 1 0 0 0]
 [0 1 1 1 1 1 1 0 0 1 1 2 1 1 0]
 [0 1 1 1 1 1 2 1 1 0 0 1 1 1 0]
 [0 1 1 2 1 1 1 1 1 0 0 1 1 1 0]
 [0 0 0 1 1 1 1 1 2 1 1 0 0 0 0]
 [0 0 0 1 1 1 0 0 1 1 1 0 0 0 0]
 [0 0 0 0 0 0 0 0 1 1 1 0 0 0 0]
 [0 0 0 0 0 0 0 0 0 0 0 0 0 0 0]]
