Best objective value: 56.0, 
Median objective value: 56.0, 
All objective values: [56.0, 56.0, 56.0, 56.0, 56.0], 
Calculation times: [453.7954885959625, 464.80481028556824, 419.43978905677795, 512.2373239994049, 468.97863507270813], 
Generations: [33, 35, 32, 34, 34], 
Best solution values: [[60.0, 59.0, 56.0, 56.0, 56.0, 56.0, 56.0, 56.0, 56.0, 56.0, 56.0, 56.0, 56.0, 56.0, 56.0, 56.0, 56.0, 56.0, 56.0, 56.0, 56.0, 56.0, 56.0, 56.0, 56.0, 56.0, 56.0, 56.0, 56.0, 56.0, 56.0, 56.0, 56.0], [63.0, 61.0, 59.0, 59.0, 56.0, 56.0, 56.0, 56.0, 56.0, 56.0, 56.0, 56.0, 56.0, 56.0, 56.0, 56.0, 56.0, 56.0, 56.0, 56.0, 56.0, 56.0, 56.0, 56.0, 56.0, 56.0, 56.0, 56.0, 56.0, 56.0, 56.0, 56.0, 56.0, 56.0, 56.0], [57.0, 56.0, 56.0, 56.0, 56.0, 56.0, 56.0, 56.0, 56.0, 56.0, 56.0, 56.0, 56.0, 56.0, 56.0, 56.0, 56.0, 56.0, 56.0, 56.0, 56.0, 56.0, 56.0, 56.0, 56.0, 56.0, 56.0, 56.0, 56.0, 56.0, 56.0, 56.0], [64.0, 59.0, 59.0, 56.0, 56.0, 56.0, 56.0, 56.0, 56.0, 56.0, 56.0, 56.0, 56.0, 56.0, 56.0, 56.0, 56.0, 56.0, 56.0, 56.0, 56.0, 56.0, 56.0, 56.0, 56.0, 56.0, 56.0, 56.0, 56.0, 56.0, 56.0, 56.0, 56.0, 56.0], [61.0, 60.0, 60.0, 56.0, 56.0, 56.0, 56.0, 56.0, 56.0, 56.0, 56.0, 56.0, 56.0, 56.0, 56.0, 56.0, 56.0, 56.0, 56.0, 56.0, 56.0, 56.0, 56.0, 56.0, 56.0, 56.0, 56.0, 56.0, 56.0, 56.0, 56.0, 56.0, 56.0, 56.0]], 
Best solution: [(1, 4), (2, 9), (3, 6), (4, 11), (5, 2), (5, 8), (7, 4), (7, 10), (8, 1), (9, 6), (10, 3), (11, 8)], 
Best solution touchdown count: [[0 0 0 0 0 0 0 0 0 0 0 0 0 0 0]
 [0 0 0 0 1 1 1 0 0 0 0 0 0 0 0]
 [0 0 0 0 1 1 1 0 0 1 1 1 0 0 0]
 [0 0 0 0 1 1 2 1 1 1 1 1 0 0 0]
 [0 0 0 0 0 0 1 1 1 1 1 2 1 1 0]
 [0 0 1 1 1 0 1 1 2 1 1 1 1 1 0]
 [0 0 1 1 1 0 0 0 1 1 1 1 1 1 0]
 [0 0 1 1 2 1 1 0 1 1 2 1 1 0 0]
 [0 1 1 1 1 1 1 0 0 0 1 1 1 0 0]
 [0 1 1 1 1 1 2 1 1 0 1 1 1 0 0]
 [0 1 1 2 1 1 1 1 1 0 0 0 0 0 0]
 [0 0 0 1 1 1 1 1 2 1 1 0 0 0 0]
 [0 0 0 1 1 1 0 0 1 1 1 0 0 0 0]
 [0 0 0 0 0 0 0 0 1 1 1 0 0 0 0]
 [0 0 0 0 0 0 0 0 0 0 0 0 0 0 0]]
