Best objective value: [80.], 
Calculation time: 324.13133668899536, 
Generations: 4, 
Best solution: [(1, 5), (3, 7), (5, 1), (5, 9), (6, 10), (7, 3), (9, 4), (10, 6)], 
Touchdown map: [[0 0 0 0 0 0 0 0 0 0 0 0 0 0 0]
 [0 0 0 0 0 1 1 1 1 0 0 0 0 0 0]
 [0 0 0 0 0 1 1 1 1 0 0 0 0 0 0]
 [0 0 0 0 0 1 1 2 2 1 1 0 0 0 0]
 [0 0 0 0 0 1 1 2 2 1 1 0 0 0 0]
 [0 1 1 1 1 0 0 1 1 2 2 1 1 0 0]
 [0 1 1 1 1 0 0 1 1 2 3 2 2 1 0]
 [0 1 1 2 2 1 1 0 0 1 2 2 2 1 0]
 [0 1 1 2 2 1 1 0 0 1 2 2 2 1 0]
 [0 0 0 1 2 2 2 1 0 0 1 1 1 1 0]
 [0 0 0 1 2 2 3 2 1 1 0 0 0 0 0]
 [0 0 0 0 1 1 2 2 1 1 0 0 0 0 0]
 [0 0 0 0 1 1 2 2 1 1 0 0 0 0 0]
 [0 0 0 0 0 0 1 1 1 1 0 0 0 0 0]
 [0 0 0 0 0 0 0 0 0 0 0 0 0 0 0]]
