Best objective value: 80.0, 
Median objective value: 80.0, 
All objective values: [80.0, 80.0, 80.0, 80.0, 80.0], 
Calculation times: [448.3904676437378, 434.2661952972412, 435.81500148773193, 425.4258522987366, 438.35596346855164], 
Generations: [4, 4, 4, 4, 4], 
Best solution values: [[80.0, 80.0, 80.0, 80.0], [80.0, 80.0, 80.0, 80.0], [80.0, 80.0, 80.0, 80.0], [80.0, 80.0, 80.0, 80.0], [80.0, 80.0, 80.0, 80.0]], 
Best solution: [(1, 5), (2, 7), (4, 8), (5, 1), (6, 10), (7, 3), (9, 5), (10, 6)], 
Best solution touchdown count: [[0 0 0 0 0 0 0 0 0 0 0 0 0 0 0]
 [0 0 0 0 0 1 1 1 1 0 0 0 0 0 0]
 [0 0 0 0 0 1 1 2 2 1 1 0 0 0 0]
 [0 0 0 0 0 1 1 2 2 1 1 0 0 0 0]
 [0 0 0 0 0 1 1 2 3 2 2 1 0 0 0]
 [0 1 1 1 1 0 0 1 2 2 2 1 0 0 0]
 [0 1 1 1 1 0 0 0 1 1 2 2 1 1 0]
 [0 1 1 2 2 1 1 0 1 1 2 2 1 1 0]
 [0 1 1 2 2 1 1 0 0 0 1 1 1 1 0]
 [0 0 0 1 1 2 2 1 1 0 1 1 1 1 0]
 [0 0 0 1 1 2 3 2 2 1 0 0 0 0 0]
 [0 0 0 0 0 1 2 2 2 1 0 0 0 0 0]
 [0 0 0 0 0 1 2 2 2 1 0 0 0 0 0]
 [0 0 0 0 0 0 1 1 1 1 0 0 0 0 0]
 [0 0 0 0 0 0 0 0 0 0 0 0 0 0 0]]
