Best objective value: 52.0, 
Median objective value: 52.0, 
All objective values: [52.0, 52.0, 52.0, 52.0, 52.0], 
Calculation times: [390.8136579990387, 449.265016078949, 386.2392041683197, 366.4862380027771, 354.35171604156494], 
Generations: [32, 33, 34, 31, 33], 
Best solution values: [[54.0, 52.0, 52.0, 52.0, 52.0, 52.0, 52.0, 52.0, 52.0, 52.0, 52.0, 52.0, 52.0, 52.0, 52.0, 52.0, 52.0, 52.0, 52.0, 52.0, 52.0, 52.0, 52.0, 52.0, 52.0, 52.0, 52.0, 52.0, 52.0, 52.0, 52.0, 52.0], [54.0, 53.0, 52.0, 52.0, 52.0, 52.0, 52.0, 52.0, 52.0, 52.0, 52.0, 52.0, 52.0, 52.0, 52.0, 52.0, 52.0, 52.0, 52.0, 52.0, 52.0, 52.0, 52.0, 52.0, 52.0, 52.0, 52.0, 52.0, 52.0, 52.0, 52.0, 52.0, 52.0], [54.0, 54.0, 54.0, 52.0, 52.0, 52.0, 52.0, 52.0, 52.0, 52.0, 52.0, 52.0, 52.0, 52.0, 52.0, 52.0, 52.0, 52.0, 52.0, 52.0, 52.0, 52.0, 52.0, 52.0, 52.0, 52.0, 52.0, 52.0, 52.0, 52.0, 52.0, 52.0, 52.0, 52.0], [52.0, 52.0, 52.0, 52.0, 52.0, 52.0, 52.0, 52.0, 52.0, 52.0, 52.0, 52.0, 52.0, 52.0, 52.0, 52.0, 52.0, 52.0, 52.0, 52.0, 52.0, 52.0, 52.0, 52.0, 52.0, 52.0, 52.0, 52.0, 52.0, 52.0, 52.0], [54.0, 54.0, 52.0, 52.0, 52.0, 52.0, 52.0, 52.0, 52.0, 52.0, 52.0, 52.0, 52.0, 52.0, 52.0, 52.0, 52.0, 52.0, 52.0, 52.0, 52.0, 52.0, 52.0, 52.0, 52.0, 52.0, 52.0, 52.0, 52.0, 52.0, 52.0, 52.0, 52.0]], 
Best solution: [(2, 7), (3, 4), (4, 6), (4, 8), (5, 2), (5, 10), (6, 7), (7, 3), (7, 9), (8, 5), (9, 2), (9, 10), (10, 4), (10, 6), (11, 8), (12, 5)], 
Best solution touchdown count: [[0 0 0 0 0 0 0 0 0 0 0 0 0 0 0]
 [0 0 0 0 0 0 0 0 1 0 0 0 0 0 0]
 [0 0 0 0 0 1 0 1 1 1 0 0 0 0 0]
 [0 0 0 0 1 1 1 1 1 1 0 0 0 0 0]
 [0 0 0 1 0 1 1 1 2 1 1 1 0 0 0]
 [0 0 1 1 1 0 0 1 1 1 1 1 1 0 0]
 [0 0 0 1 1 0 0 1 1 1 1 1 0 0 0]
 [0 0 0 1 1 1 1 0 1 1 1 1 0 0 0]
 [0 0 0 1 1 1 1 1 0 0 1 1 0 0 0]
 [0 0 1 1 1 1 1 1 0 0 1 1 1 0 0]
 [0 0 0 1 1 1 2 1 1 1 0 1 0 0 0]
 [0 0 0 0 0 1 1 1 1 1 1 0 0 0 0]
 [0 0 0 0 0 1 1 1 0 1 0 0 0 0 0]
 [0 0 0 0 0 0 1 0 0 0 0 0 0 0 0]
 [0 0 0 0 0 0 0 0 0 0 0 0 0 0 0]]
