Best objective value: [52.], 
Calculation time: 248.9644033908844, 
Generations: 34, 
Best solution: [(2, 7), (3, 5), (4, 8), (5, 1), (5, 6), (5, 10), (6, 1), (6, 7), (7, 3), (7, 9), (8, 1), (8, 5), (9, 3), (9, 10), (10, 6), (11, 4), (12, 7), (12, 8)], 
Touchdown map: [[0 0 0 0 0 0 0 0 0 0 0 0 0 0 0]
 [0 0 0 0 0 0 0 0 1 0 0 0 0 0 0]
 [0 0 0 0 0 0 1 1 1 1 0 0 0 0 0]
 [0 0 0 0 0 1 1 1 1 1 0 0 0 0 0]
 [0 0 1 0 0 0 1 1 1 1 1 1 0 0 0]
 [0 1 2 1 0 0 1 1 2 1 1 1 1 0 0]
 [0 1 2 1 1 0 0 2 1 1 1 1 0 0 0]
 [0 0 2 1 1 1 1 0 1 1 1 1 0 0 0]
 [0 1 1 1 2 1 1 1 0 0 1 1 0 0 0]
 [0 0 1 1 1 1 1 1 0 0 1 1 1 0 0]
 [0 0 0 0 1 1 1 1 1 0 0 1 0 0 0]
 [0 0 0 0 1 1 1 1 1 1 0 0 0 0 0]
 [0 0 0 0 0 1 0 1 2 2 1 0 0 0 0]
 [0 0 0 0 0 0 0 0 1 1 0 0 0 0 0]
 [0 0 0 0 0 0 0 0 0 0 0 0 0 0 0]]
