Best objective value: 69.0, 
Median objective value: 69.0, 
All objective values: [69.0, 69.0, 69.0, 69.0, 69.0], 
Calculation times: [162.27037382125854, 91.60309910774231, 76.26823830604553, 115.8153326511383, 120.02507424354553], 
Generations: [32, 32, 33, 33, 34], 
Best solution values: [[71.0, 69.0, 69.0, 69.0, 69.0, 69.0, 69.0, 69.0, 69.0, 69.0, 69.0, 69.0, 69.0, 69.0, 69.0, 69.0, 69.0, 69.0, 69.0, 69.0, 69.0, 69.0, 69.0, 69.0, 69.0, 69.0, 69.0, 69.0, 69.0, 69.0, 69.0, 69.0], [70.0, 69.0, 69.0, 69.0, 69.0, 69.0, 69.0, 69.0, 69.0, 69.0, 69.0, 69.0, 69.0, 69.0, 69.0, 69.0, 69.0, 69.0, 69.0, 69.0, 69.0, 69.0, 69.0, 69.0, 69.0, 69.0, 69.0, 69.0, 69.0, 69.0, 69.0, 69.0], [72.0, 71.0, 69.0, 69.0, 69.0, 69.0, 69.0, 69.0, 69.0, 69.0, 69.0, 69.0, 69.0, 69.0, 69.0, 69.0, 69.0, 69.0, 69.0, 69.0, 69.0, 69.0, 69.0, 69.0, 69.0, 69.0, 69.0, 69.0, 69.0, 69.0, 69.0, 69.0, 69.0], [72.0, 72.0, 69.0, 69.0, 69.0, 69.0, 69.0, 69.0, 69.0, 69.0, 69.0, 69.0, 69.0, 69.0, 69.0, 69.0, 69.0, 69.0, 69.0, 69.0, 69.0, 69.0, 69.0, 69.0, 69.0, 69.0, 69.0, 69.0, 69.0, 69.0, 69.0, 69.0, 69.0], [71.0, 71.0, 71.0, 69.0, 69.0, 69.0, 69.0, 69.0, 69.0, 69.0, 69.0, 69.0, 69.0, 69.0, 69.0, 69.0, 69.0, 69.0, 69.0, 69.0, 69.0, 69.0, 69.0, 69.0, 69.0, 69.0, 69.0, 69.0, 69.0, 69.0, 69.0, 69.0, 69.0, 69.0]], 
Best solution: [(2, 4), (2, 7), (4, 3), (4, 6), (4, 9), (6, 3), (6, 6), (6, 9), (8, 3), (8, 6), (8, 9), (10, 4), (10, 7), (10, 10)], 
Best solution touchdown count: [[0 0 0 0 0 0 0 0 0 0 0 0 0 0 0]
 [0 0 0 0 0 0 0 0 0 0 0 0 0 0 0]
 [0 0 0 0 1 1 1 1 1 1 0 0 0 0 0]
 [0 0 0 0 1 1 1 1 1 1 0 0 0 0 0]
 [0 0 0 1 1 1 1 1 1 1 1 1 0 0 0]
 [0 0 0 1 1 1 1 1 1 1 1 1 0 0 0]
 [0 0 0 1 1 1 1 1 1 1 1 1 0 0 0]
 [0 0 0 1 1 1 1 1 1 1 1 1 0 0 0]
 [0 0 0 1 1 1 1 1 1 1 1 1 0 0 0]
 [0 0 0 1 1 1 1 1 1 1 1 1 0 0 0]
 [0 0 0 0 1 1 1 1 1 1 1 1 1 0 0]
 [0 0 0 0 1 1 1 1 1 1 1 1 1 0 0]
 [0 0 0 0 0 0 0 0 0 0 0 0 0 0 0]
 [0 0 0 0 0 0 0 0 0 0 0 0 0 0 0]
 [0 0 0 0 0 0 0 0 0 0 0 0 0 0 0]]
