Best objective value: [87.], 
Calculation time: 70.85677170753479, 
Generations: 31, 
Best solution: [(2, 4), (4, 1), (4, 6), (6, 1), (6, 6), (8, 1), (8, 6), (10, 3)], 
Touchdown map: [[0 0 0 0 0 0 0 0 0 0 0 0 0 0 0]
 [0 0 0 0 0 0 0 0 0 0 0 0 0 0 0]
 [0 0 0 0 1 1 1 1 1 1 1 1 0 0 0]
 [0 0 0 0 1 1 1 1 1 1 1 1 0 0 0]
 [0 1 1 1 1 1 2 2 2 1 1 1 1 1 0]
 [0 1 1 1 1 1 2 2 2 1 1 1 1 1 0]
 [0 1 1 1 1 1 2 2 2 1 1 1 1 1 0]
 [0 1 1 1 1 1 2 2 2 1 1 1 1 1 0]
 [0 1 1 1 1 1 2 2 2 1 1 1 1 1 0]
 [0 1 1 1 1 1 2 2 2 1 1 1 1 1 0]
 [0 0 0 1 1 1 1 1 1 1 1 0 0 0 0]
 [0 0 0 1 1 1 1 1 1 1 1 0 0 0 0]
 [0 0 0 0 0 0 0 0 0 0 0 0 0 0 0]
 [0 0 0 0 0 0 0 0 0 0 0 0 0 0 0]
 [0 0 0 0 0 0 0 0 0 0 0 0 0 0 0]]
