Best objective value: 87.0, 
Median objective value: 87.0, 
All objective values: [87.0, 87.0, 87.0, 87.0, 87.0], 
Calculation times: [105.85445642471313, 105.69722294807434, 118.26673412322998, 95.24410367012024, 98.84879040718079], 
Generations: [33, 35, 33, 35, 34], 
Best solution values: [[91.0, 89.0, 87.0, 87.0, 87.0, 87.0, 87.0, 87.0, 87.0, 87.0, 87.0, 87.0, 87.0, 87.0, 87.0, 87.0, 87.0, 87.0, 87.0, 87.0, 87.0, 87.0, 87.0, 87.0, 87.0, 87.0, 87.0, 87.0, 87.0, 87.0, 87.0, 87.0, 87.0], [95.0, 93.0, 88.0, 88.0, 87.0, 87.0, 87.0, 87.0, 87.0, 87.0, 87.0, 87.0, 87.0, 87.0, 87.0, 87.0, 87.0, 87.0, 87.0, 87.0, 87.0, 87.0, 87.0, 87.0, 87.0, 87.0, 87.0, 87.0, 87.0, 87.0, 87.0, 87.0, 87.0, 87.0, 87.0], [91.0, 91.0, 87.0, 87.0, 87.0, 87.0, 87.0, 87.0, 87.0, 87.0, 87.0, 87.0, 87.0, 87.0, 87.0, 87.0, 87.0, 87.0, 87.0, 87.0, 87.0, 87.0, 87.0, 87.0, 87.0, 87.0, 87.0, 87.0, 87.0, 87.0, 87.0, 87.0, 87.0], [95.0, 89.0, 88.0, 88.0, 87.0, 87.0, 87.0, 87.0, 87.0, 87.0, 87.0, 87.0, 87.0, 87.0, 87.0, 87.0, 87.0, 87.0, 87.0, 87.0, 87.0, 87.0, 87.0, 87.0, 87.0, 87.0, 87.0, 87.0, 87.0, 87.0, 87.0, 87.0, 87.0, 87.0, 87.0], [94.0, 90.0, 89.0, 87.0, 87.0, 87.0, 87.0, 87.0, 87.0, 87.0, 87.0, 87.0, 87.0, 87.0, 87.0, 87.0, 87.0, 87.0, 87.0, 87.0, 87.0, 87.0, 87.0, 87.0, 87.0, 87.0, 87.0, 87.0, 87.0, 87.0, 87.0, 87.0, 87.0, 87.0]], 
Best solution: [(3, 4), (5, 1), (5, 6), (7, 1), (7, 6), (9, 1), (9, 6), (11, 4)], 
Best solution touchdown count: [[0 0 0 0 0 0 0 0 0 0 0 0 0 0 0]
 [0 0 0 0 0 0 0 0 0 0 0 0 0 0 0]
 [0 0 0 0 0 0 0 0 0 0 0 0 0 0 0]
 [0 0 0 0 1 1 1 1 1 1 1 1 0 0 0]
 [0 0 0 0 1 1 1 1 1 1 1 1 0 0 0]
 [0 1 1 1 1 1 2 2 2 1 1 1 1 1 0]
 [0 1 1 1 1 1 2 2 2 1 1 1 1 1 0]
 [0 1 1 1 1 1 2 2 2 1 1 1 1 1 0]
 [0 1 1 1 1 1 2 2 2 1 1 1 1 1 0]
 [0 1 1 1 1 1 2 2 2 1 1 1 1 1 0]
 [0 1 1 1 1 1 2 2 2 1 1 1 1 1 0]
 [0 0 0 0 1 1 1 1 1 1 1 1 0 0 0]
 [0 0 0 0 1 1 1 1 1 1 1 1 0 0 0]
 [0 0 0 0 0 0 0 0 0 0 0 0 0 0 0]
 [0 0 0 0 0 0 0 0 0 0 0 0 0 0 0]]
