Best objective value: 69.0, 
Median objective value: 69.0, 
All objective values: [69.0, 69.0, 69.0, 69.0, 69.0], 
Calculation times: [68.902676820755, 89.34619235992432, 82.92428135871887, 81.11267971992493, 70.88145542144775], 
Generations: [31, 35, 37, 34, 35], 
Best solution values: [[69.0, 69.0, 69.0, 69.0, 69.0, 69.0, 69.0, 69.0, 69.0, 69.0, 69.0, 69.0, 69.0, 69.0, 69.0, 69.0, 69.0, 69.0, 69.0, 69.0, 69.0, 69.0, 69.0, 69.0, 69.0, 69.0, 69.0, 69.0, 69.0, 69.0, 69.0], [73.0, 72.0, 70.0, 70.0, 69.0, 69.0, 69.0, 69.0, 69.0, 69.0, 69.0, 69.0, 69.0, 69.0, 69.0, 69.0, 69.0, 69.0, 69.0, 69.0, 69.0, 69.0, 69.0, 69.0, 69.0, 69.0, 69.0, 69.0, 69.0, 69.0, 69.0, 69.0, 69.0, 69.0, 69.0], [71.0, 71.0, 71.0, 70.0, 70.0, 70.0, 69.0, 69.0, 69.0, 69.0, 69.0, 69.0, 69.0, 69.0, 69.0, 69.0, 69.0, 69.0, 69.0, 69.0, 69.0, 69.0, 69.0, 69.0, 69.0, 69.0, 69.0, 69.0, 69.0, 69.0, 69.0, 69.0, 69.0, 69.0, 69.0, 69.0, 69.0], [71.0, 71.0, 71.0, 69.0, 69.0, 69.0, 69.0, 69.0, 69.0, 69.0, 69.0, 69.0, 69.0, 69.0, 69.0, 69.0, 69.0, 69.0, 69.0, 69.0, 69.0, 69.0, 69.0, 69.0, 69.0, 69.0, 69.0, 69.0, 69.0, 69.0, 69.0, 69.0, 69.0, 69.0], [70.0, 70.0, 70.0, 70.0, 69.0, 69.0, 69.0, 69.0, 69.0, 69.0, 69.0, 69.0, 69.0, 69.0, 69.0, 69.0, 69.0, 69.0, 69.0, 69.0, 69.0, 69.0, 69.0, 69.0, 69.0, 69.0, 69.0, 69.0, 69.0, 69.0, 69.0, 69.0, 69.0, 69.0, 69.0]], 
Best solution: [(1, 4), (1, 7), (4, 3), (4, 6), (4, 9), (7, 3), (7, 6), (7, 9), (10, 3), (10, 6), (10, 9)], 
Best solution touchdown count: [[0 0 0 0 0 0 0 0 0 0 0 0 0 0 0]
 [0 0 0 0 1 1 1 1 1 1 0 0 0 0 0]
 [0 0 0 0 1 1 1 1 1 1 0 0 0 0 0]
 [0 0 0 0 1 1 1 1 1 1 0 0 0 0 0]
 [0 0 0 1 1 1 1 1 1 1 1 1 0 0 0]
 [0 0 0 1 1 1 1 1 1 1 1 1 0 0 0]
 [0 0 0 1 1 1 1 1 1 1 1 1 0 0 0]
 [0 0 0 1 1 1 1 1 1 1 1 1 0 0 0]
 [0 0 0 1 1 1 1 1 1 1 1 1 0 0 0]
 [0 0 0 1 1 1 1 1 1 1 1 1 0 0 0]
 [0 0 0 1 1 1 1 1 1 1 1 1 0 0 0]
 [0 0 0 1 1 1 1 1 1 1 1 1 0 0 0]
 [0 0 0 1 1 1 1 1 1 1 1 1 0 0 0]
 [0 0 0 0 0 0 0 0 0 0 0 0 0 0 0]
 [0 0 0 0 0 0 0 0 0 0 0 0 0 0 0]]
