Best objective value: [72.], 
Calculation time: 73.93644523620605, 
Generations: 34, 
Best solution: [(1, 4), (2, 8), (5, 1), (5, 5), (6, 9), (9, 3), (9, 7)], 
Touchdown map: [[0 0 0 0 0 0 0 0 0 0 0 0 0 0 0]
 [0 0 0 0 1 1 1 1 0 0 0 0 0 0 0]
 [0 0 0 0 1 1 1 1 1 1 1 1 0 0 0]
 [0 0 0 0 1 1 1 1 1 1 1 1 0 0 0]
 [0 0 0 0 1 1 1 1 1 1 1 1 0 0 0]
 [0 1 1 1 1 1 1 1 2 1 1 1 0 0 0]
 [0 1 1 1 1 1 1 1 1 1 1 1 1 0 0]
 [0 1 1 1 1 1 1 1 1 1 1 1 1 0 0]
 [0 1 1 1 1 1 1 1 1 1 1 1 1 0 0]
 [0 0 0 1 1 1 1 1 1 2 2 1 1 0 0]
 [0 0 0 1 1 1 1 1 1 1 1 0 0 0 0]
 [0 0 0 1 1 1 1 1 1 1 1 0 0 0 0]
 [0 0 0 1 1 1 1 1 1 1 1 0 0 0 0]
 [0 0 0 0 0 0 0 0 0 0 0 0 0 0 0]
 [0 0 0 0 0 0 0 0 0 0 0 0 0 0 0]]
