Best objective value: 72.0, 
Median objective value: 72.0, 
All objective values: [72.0, 72.0, 72.0, 72.0, 72.0], 
Calculation times: [106.02750325202942, 98.02637052536011, 95.40220093727112, 96.51005029678345, 92.52587604522705], 
Generations: [35, 31, 33, 34, 31], 
Best solution values: [[77.0, 76.0, 76.0, 76.0, 72.0, 72.0, 72.0, 72.0, 72.0, 72.0, 72.0, 72.0, 72.0, 72.0, 72.0, 72.0, 72.0, 72.0, 72.0, 72.0, 72.0, 72.0, 72.0, 72.0, 72.0, 72.0, 72.0, 72.0, 72.0, 72.0, 72.0, 72.0, 72.0, 72.0, 72.0], [72.0, 72.0, 72.0, 72.0, 72.0, 72.0, 72.0, 72.0, 72.0, 72.0, 72.0, 72.0, 72.0, 72.0, 72.0, 72.0, 72.0, 72.0, 72.0, 72.0, 72.0, 72.0, 72.0, 72.0, 72.0, 72.0, 72.0, 72.0, 72.0, 72.0, 72.0], [76.0, 76.0, 72.0, 72.0, 72.0, 72.0, 72.0, 72.0, 72.0, 72.0, 72.0, 72.0, 72.0, 72.0, 72.0, 72.0, 72.0, 72.0, 72.0, 72.0, 72.0, 72.0, 72.0, 72.0, 72.0, 72.0, 72.0, 72.0, 72.0, 72.0, 72.0, 72.0, 72.0], [76.0, 76.0, 76.0, 72.0, 72.0, 72.0, 72.0, 72.0, 72.0, 72.0, 72.0, 72.0, 72.0, 72.0, 72.0, 72.0, 72.0, 72.0, 72.0, 72.0, 72.0, 72.0, 72.0, 72.0, 72.0, 72.0, 72.0, 72.0, 72.0, 72.0, 72.0, 72.0, 72.0, 72.0], [72.0, 72.0, 72.0, 72.0, 72.0, 72.0, 72.0, 72.0, 72.0, 72.0, 72.0, 72.0, 72.0, 72.0, 72.0, 72.0, 72.0, 72.0, 72.0, 72.0, 72.0, 72.0, 72.0, 72.0, 72.0, 72.0, 72.0, 72.0, 72.0, 72.0, 72.0]], 
Best solution: [(1, 7), (2, 3), (5, 6), (5, 10), (6, 2), (9, 4), (9, 8)], 
Best solution touchdown count: [[0 0 0 0 0 0 0 0 0 0 0 0 0 0 0]
 [0 0 0 0 0 0 0 1 1 1 1 0 0 0 0]
 [0 0 0 1 1 1 1 1 1 1 1 0 0 0 0]
 [0 0 0 1 1 1 1 1 1 1 1 0 0 0 0]
 [0 0 0 1 1 1 1 1 1 1 1 0 0 0 0]
 [0 0 0 1 1 1 2 1 1 1 1 1 1 1 0]
 [0 0 1 1 1 1 1 1 1 1 1 1 1 1 0]
 [0 0 1 1 1 1 1 1 1 1 1 1 1 1 0]
 [0 0 1 1 1 1 1 1 1 1 1 1 1 1 0]
 [0 0 1 1 2 2 1 1 1 1 1 1 0 0 0]
 [0 0 0 0 1 1 1 1 1 1 1 1 0 0 0]
 [0 0 0 0 1 1 1 1 1 1 1 1 0 0 0]
 [0 0 0 0 1 1 1 1 1 1 1 1 0 0 0]
 [0 0 0 0 0 0 0 0 0 0 0 0 0 0 0]
 [0 0 0 0 0 0 0 0 0 0 0 0 0 0 0]]
