Best objective value: 69.0, 
Median objective value: 69.0, 
All objective values: [69.0, 69.0, 69.0, 69.0, 69.0], 
Calculation times: [76.20425868034363, 69.8070318698883, 115.40568804740906, 95.03215765953064, 122.2487268447876], 
Generations: [38, 38, 49, 40, 38], 
Best solution values: [[74.0, 74.0, 74.0, 74.0, 74.0, 70.0, 70.0, 69.0, 69.0, 69.0, 69.0, 69.0, 69.0, 69.0, 69.0, 69.0, 69.0, 69.0, 69.0, 69.0, 69.0, 69.0, 69.0, 69.0, 69.0, 69.0, 69.0, 69.0, 69.0, 69.0, 69.0, 69.0, 69.0, 69.0, 69.0, 69.0, 69.0, 69.0], [77.0, 77.0, 76.0, 76.0, 76.0, 76.0, 71.0, 69.0, 69.0, 69.0, 69.0, 69.0, 69.0, 69.0, 69.0, 69.0, 69.0, 69.0, 69.0, 69.0, 69.0, 69.0, 69.0, 69.0, 69.0, 69.0, 69.0, 69.0, 69.0, 69.0, 69.0, 69.0, 69.0, 69.0, 69.0, 69.0, 69.0, 69.0], [76.0, 76.0, 76.0, 75.0, 75.0, 74.0, 74.0, 73.0, 71.0, 71.0, 71.0, 71.0, 70.0, 70.0, 70.0, 70.0, 70.0, 70.0, 69.0, 69.0, 69.0, 69.0, 69.0, 69.0, 69.0, 69.0, 69.0, 69.0, 69.0, 69.0, 69.0, 69.0, 69.0, 69.0, 69.0, 69.0, 69.0, 69.0, 69.0, 69.0, 69.0, 69.0, 69.0, 69.0, 69.0, 69.0, 69.0, 69.0, 69.0], [75.0, 75.0, 75.0, 75.0, 74.0, 73.0, 71.0, 71.0, 70.0, 69.0, 69.0, 69.0, 69.0, 69.0, 69.0, 69.0, 69.0, 69.0, 69.0, 69.0, 69.0, 69.0, 69.0, 69.0, 69.0, 69.0, 69.0, 69.0, 69.0, 69.0, 69.0, 69.0, 69.0, 69.0, 69.0, 69.0, 69.0, 69.0, 69.0, 69.0], [76.0, 74.0, 74.0, 74.0, 74.0, 71.0, 71.0, 69.0, 69.0, 69.0, 69.0, 69.0, 69.0, 69.0, 69.0, 69.0, 69.0, 69.0, 69.0, 69.0, 69.0, 69.0, 69.0, 69.0, 69.0, 69.0, 69.0, 69.0, 69.0, 69.0, 69.0, 69.0, 69.0, 69.0, 69.0, 69.0, 69.0, 69.0]], 
Best solution: [(2, 5), (3, 7), (4, 4), (4, 9), (5, 1), (5, 6), (5, 11), (6, 3), (6, 8), (7, 5), (7, 10), (8, 2), (8, 7), (9, 4), (9, 9), (10, 6), (11, 3), (11, 8), (12, 5)], 
Best solution touchdown count: [[0 0 0 0 0 0 0 0 0 0 0 0 0 0 0]
 [0 0 0 0 0 0 1 0 0 0 0 0 0 0 0]
 [0 0 0 0 0 1 1 1 1 0 0 0 0 0 0]
 [0 0 0 0 0 1 1 1 1 1 1 0 0 0 0]
 [0 0 1 0 1 1 1 1 1 1 1 1 1 0 0]
 [0 1 1 1 1 1 1 1 1 1 1 1 1 1 0]
 [0 0 1 1 1 1 1 1 1 1 1 1 1 0 0]
 [0 0 0 1 1 1 1 1 1 1 1 1 1 0 0]
 [0 0 1 1 1 1 1 1 1 1 1 1 0 0 0]
 [0 0 0 1 1 1 1 1 1 1 1 1 0 0 0]
 [0 0 0 0 1 1 1 1 1 1 1 0 0 0 0]
 [0 0 0 1 1 1 1 1 1 1 1 0 0 0 0]
 [0 0 0 0 1 1 1 1 0 1 0 0 0 0 0]
 [0 0 0 0 0 0 1 0 0 0 0 0 0 0 0]
 [0 0 0 0 0 0 0 0 0 0 0 0 0 0 0]]
