Best objective value: [69.], 
Calculation time: 74.16081809997559, 
Generations: 40, 
Best solution: [(2, 7), (3, 5), (4, 3), (4, 8), (5, 1), (5, 6), (5, 11), (6, 4), (6, 9), (7, 2), (7, 7), (8, 5), (8, 10), (9, 3), (9, 8), (10, 6), (11, 4), (11, 9), (12, 7)], 
Touchdown map: [[0 0 0 0 0 0 0 0 0 0 0 0 0 0 0]
 [0 0 0 0 0 0 0 0 1 0 0 0 0 0 0]
 [0 0 0 0 0 0 1 1 1 1 0 0 0 0 0]
 [0 0 0 0 1 1 1 1 1 1 0 0 0 0 0]
 [0 0 1 1 1 1 1 1 1 1 1 0 1 0 0]
 [0 1 1 1 1 1 1 1 1 1 1 1 1 1 0]
 [0 0 1 1 1 1 1 1 1 1 1 1 1 0 0]
 [0 0 1 1 1 1 1 1 1 1 1 1 0 0 0]
 [0 0 0 1 1 1 1 1 1 1 1 1 1 0 0]
 [0 0 0 1 1 1 1 1 1 1 1 1 0 0 0]
 [0 0 0 0 1 1 1 1 1 1 1 0 0 0 0]
 [0 0 0 0 1 1 1 1 1 1 1 1 0 0 0]
 [0 0 0 0 0 1 0 1 1 1 1 0 0 0 0]
 [0 0 0 0 0 0 0 0 1 0 0 0 0 0 0]
 [0 0 0 0 0 0 0 0 0 0 0 0 0 0 0]]
