Best objective value: [473.], 
Calculation time: 485.4733169078827, 
Generations: 96, 
Best solution: [(2, 9), (2, 12), (2, 15), (2, 18), (4, 6), (4, 8), (4, 11), (4, 14), (4, 17), (4, 20), (4, 23), (6, 8), (6, 11), (6, 14), (6, 17), (6, 20), (6, 23), (7, 4), (8, 10), (8, 13), (8, 16), (8, 19), (8, 22), (8, 25), (9, 3), (9, 6), (10, 12), (10, 15), (10, 18), (10, 21), (10, 24), (10, 27), (11, 2), (11, 5), (11, 8), (12, 14), (12, 17), (12, 20), (12, 23), (12, 26), (13, 3), (13, 6), (13, 9), (14, 11), (14, 16), (14, 19), (14, 22), (14, 25), (15, 2), (15, 5), (15, 8), (16, 11), (16, 13), (16, 18), (16, 21), (16, 24), (16, 27), (17, 3), (17, 6), (17, 9), (18, 12), (18, 15), (18, 20), (18, 23), (18, 26), (19, 3), (19, 6), (19, 9), (20, 11), (20, 14), (20, 17), (20, 22), (20, 25), (21, 3), (21, 6), (21, 9), (22, 3), (22, 12), (22, 15), (22, 18), (22, 24), (23, 6), (23, 9), (23, 20), (24, 11), (24, 14), (24, 17), (25, 5), (25, 8), (25, 20), (25, 22), (26, 11), (26, 14), (26, 17)], 
Touchdown map: [[0 0 0 0 0 0 0 0 0 0 0 0 0 0 0 0 0 0 0 0 0 0 0 0 0 0 0 0 0 0 0]
 [0 0 0 0 0 0 0 0 0 0 0 0 0 0 0 0 0 0 0 0 0 0 0 0 0 0 0 0 0 0 0]
 [0 0 0 0 0 0 0 0 0 1 1 1 1 1 1 1 1 1 1 1 1 0 0 0 0 0 0 0 0 0 0]
 [0 0 0 0 0 0 0 0 0 1 1 1 1 1 1 1 1 1 1 1 1 0 0 0 0 0 0 0 0 0 0]
 [0 0 0 0 0 0 1 1 2 1 1 1 1 1 1 1 1 1 1 1 1 1 1 1 1 1 0 0 0 0 0]
 [0 0 0 0 0 0 1 1 2 1 1 1 1 1 1 1 1 1 1 1 1 1 1 1 1 1 0 0 0 0 0]
 [0 0 0 0 0 0 0 0 1 1 1 1 1 1 1 1 1 1 1 1 1 1 1 1 1 1 0 0 0 0 0]
 [0 0 0 0 1 1 1 0 1 1 1 1 1 1 1 1 1 1 1 1 1 1 1 1 1 1 0 0 0 0 0]
 [0 0 0 0 1 1 1 0 0 0 1 1 1 1 1 1 1 1 1 1 1 1 1 1 1 1 1 1 0 0 0]
 [0 0 0 1 1 1 1 1 1 0 1 1 1 1 1 1 1 1 1 1 1 1 1 1 1 1 1 1 0 0 0]
 [0 0 0 1 1 1 1 1 1 0 0 0 1 1 1 1 1 1 1 1 1 1 1 1 1 1 1 1 1 1 0]
 [0 0 1 1 1 1 1 1 1 1 1 0 1 1 1 1 1 1 1 1 1 1 1 1 1 1 1 1 1 1 0]
 [0 0 1 1 1 1 1 1 1 1 1 0 0 0 1 1 1 1 1 1 1 1 1 1 1 1 1 1 1 0 0]
 [0 0 0 1 1 1 1 1 1 1 1 1 0 0 1 1 1 1 1 1 1 1 1 1 1 1 1 1 1 0 0]
 [0 0 0 1 1 1 1 1 1 1 1 2 1 1 0 0 1 1 1 1 1 1 1 1 1 1 1 1 0 0 0]
 [0 0 1 1 1 1 1 1 1 1 1 1 1 1 0 0 1 1 1 1 1 1 1 1 1 1 1 1 0 0 0]
 [0 0 1 1 1 1 1 1 1 1 1 1 1 2 1 1 0 0 1 1 1 1 1 1 1 1 1 1 1 1 0]
 [0 0 0 1 1 1 1 1 1 1 1 2 1 2 1 1 0 0 1 1 1 1 1 1 1 1 1 1 1 1 0]
 [0 0 0 1 1 1 1 1 1 1 1 1 1 1 1 1 1 1 0 0 1 1 1 1 1 1 1 1 1 0 0]
 [0 0 0 1 1 1 1 1 1 1 1 1 1 1 1 1 1 1 0 0 1 1 1 1 1 1 1 1 1 0 0]
 [0 0 0 1 1 1 1 1 1 1 1 2 1 1 1 1 1 1 1 1 0 0 1 1 1 1 1 1 0 0 0]
 [0 0 0 1 1 1 1 1 1 1 1 2 1 1 1 1 1 1 1 1 0 0 1 1 1 1 1 1 0 0 0]
 [0 0 0 2 2 2 1 1 1 1 1 1 1 1 1 1 1 1 1 1 1 0 0 0 1 1 1 0 0 0 0]
 [0 0 0 1 1 1 1 1 1 1 1 1 1 1 1 1 1 1 1 1 2 1 1 0 1 1 1 0 0 0 0]
 [0 0 0 0 0 0 1 1 1 1 1 2 1 1 1 1 1 1 1 1 1 1 1 0 0 0 0 0 0 0 0]
 [0 0 0 0 0 1 1 1 1 1 1 1 1 1 1 1 1 1 1 1 1 1 2 1 1 0 0 0 0 0 0]
 [0 0 0 0 0 1 1 1 1 1 1 1 1 1 1 1 1 1 1 1 1 1 2 1 1 0 0 0 0 0 0]
 [0 0 0 0 0 0 0 0 0 0 0 1 1 1 1 1 1 1 1 1 0 0 0 0 0 0 0 0 0 0 0]
 [0 0 0 0 0 0 0 0 0 0 0 0 0 0 0 0 0 0 0 0 0 0 0 0 0 0 0 0 0 0 0]
 [0 0 0 0 0 0 0 0 0 0 0 0 0 0 0 0 0 0 0 0 0 0 0 0 0 0 0 0 0 0 0]
 [0 0 0 0 0 0 0 0 0 0 0 0 0 0 0 0 0 0 0 0 0 0 0 0 0 0 0 0 0 0 0]]
