Best objective value: 465.0, 
Median objective value: 472.0, 
All objective values: [475.0, 476.0, 465.0, 472.0, 469.0], 
Calculation times: [648.3178961277008, 605.4934463500977, 628.7667145729065, 631.0357630252838, 619.0685245990753], 
Generations: [47, 49, 51, 54, 49], 
Best solution values: [[540.0, 540.0, 540.0, 538.0, 529.0, 524.0, 520.0, 517.0, 516.0, 512.0, 512.0, 508.0, 505.0, 503.0, 503.0, 501.0, 498.0, 497.0, 496.0, 495.0, 491.0, 491.0, 491.0, 491.0, 490.0, 489.0, 488.0, 486.0, 486.0, 486.0, 483.0, 480.0, 479.0, 479.0, 479.0, 475.0, 475.0, 475.0, 475.0, 475.0, 475.0, 475.0, 475.0, 475.0, 475.0, 475.0, 475.0], [554.0, 554.0, 553.0, 547.0, 546.0, 546.0, 537.0, 537.0, 531.0, 518.0, 518.0, 518.0, 518.0, 513.0, 513.0, 506.0, 506.0, 506.0, 503.0, 501.0, 497.0, 496.0, 496.0, 492.0, 492.0, 492.0, 490.0, 490.0, 489.0, 487.0, 485.0, 484.0, 484.0, 484.0, 483.0, 482.0, 482.0, 480.0, 480.0, 480.0, 478.0, 478.0, 476.0, 476.0, 476.0, 476.0, 476.0, 476.0, 476.0], [551.0, 549.0, 546.0, 546.0, 541.0, 541.0, 537.0, 534.0, 531.0, 523.0, 520.0, 515.0, 513.0, 513.0, 506.0, 506.0, 501.0, 501.0, 501.0, 501.0, 494.0, 494.0, 491.0, 490.0, 489.0, 489.0, 489.0, 485.0, 485.0, 483.0, 483.0, 483.0, 480.0, 480.0, 480.0, 478.0, 478.0, 478.0, 478.0, 478.0, 475.0, 473.0, 472.0, 470.0, 470.0, 469.0, 467.0, 467.0, 467.0, 467.0, 465.0], [550.0, 539.0, 539.0, 539.0, 539.0, 535.0, 534.0, 530.0, 530.0, 529.0, 522.0, 520.0, 516.0, 516.0, 508.0, 508.0, 508.0, 505.0, 505.0, 504.0, 502.0, 499.0, 496.0, 491.0, 491.0, 490.0, 489.0, 488.0, 486.0, 485.0, 483.0, 481.0, 480.0, 480.0, 480.0, 480.0, 479.0, 479.0, 478.0, 478.0, 476.0, 475.0, 474.0, 474.0, 474.0, 474.0, 472.0, 472.0, 472.0, 472.0, 472.0, 472.0, 472.0, 472.0], [562.0, 560.0, 551.0, 551.0, 549.0, 535.0, 535.0, 528.0, 525.0, 515.0, 515.0, 515.0, 514.0, 509.0, 507.0, 504.0, 504.0, 503.0, 499.0, 498.0, 494.0, 494.0, 492.0, 492.0, 491.0, 490.0, 490.0, 490.0, 488.0, 488.0, 488.0, 486.0, 486.0, 484.0, 484.0, 483.0, 483.0, 481.0, 481.0, 481.0, 478.0, 471.0, 471.0, 471.0, 469.0, 469.0, 469.0, 469.0, 469.0]], 
Best solution: [(2, 11), (2, 14), (2, 17), (4, 6), (4, 9), (4, 12), (4, 15), (4, 18), (4, 21), (6, 8), (6, 11), (6, 14), (6, 17), (6, 20), (6, 23), (7, 3), (8, 2), (8, 5), (8, 10), (8, 13), (8, 16), (8, 19), (8, 22), (8, 25), (10, 1), (10, 4), (10, 7), (10, 12), (10, 15), (10, 18), (10, 21), (10, 24), (10, 27), (12, 3), (12, 6), (12, 9), (12, 14), (12, 17), (12, 20), (12, 23), (12, 26), (14, 2), (14, 5), (14, 8), (14, 11), (14, 16), (14, 19), (14, 22), (14, 25), (16, 1), (16, 4), (16, 7), (16, 10), (16, 13), (16, 18), (16, 21), (16, 24), (16, 27), (18, 3), (18, 6), (18, 9), (18, 12), (18, 15), (18, 20), (18, 23), (18, 26), (20, 2), (20, 5), (20, 8), (20, 11), (20, 14), (20, 17), (20, 22), (20, 25), (22, 4), (22, 7), (22, 10), (22, 13), (22, 16), (22, 19), (22, 24), (24, 4), (24, 7), (24, 10), (24, 13), (24, 16), (24, 19), (24, 21), (26, 8), (26, 11), (26, 14), (26, 17), (26, 20)], 
Best solution touchdown count: [[0 0 0 0 0 0 0 0 0 0 0 0 0 0 0 0 0 0 0 0 0 0 0 0 0 0 0 0 0 0 0]
 [0 0 0 0 0 0 0 0 0 0 0 0 0 0 0 0 0 0 0 0 0 0 0 0 0 0 0 0 0 0 0]
 [0 0 0 0 0 0 0 0 0 0 0 1 1 1 1 1 1 1 1 1 0 0 0 0 0 0 0 0 0 0 0]
 [0 0 0 0 0 0 0 0 0 0 0 1 1 1 1 1 1 1 1 1 0 0 0 0 0 0 0 0 0 0 0]
 [0 0 0 0 0 0 1 1 1 1 1 1 1 1 1 1 1 1 1 1 1 1 1 1 0 0 0 0 0 0 0]
 [0 0 0 0 0 0 1 1 1 1 1 1 1 1 1 1 1 1 1 1 1 1 1 1 0 0 0 0 0 0 0]
 [0 0 0 0 0 0 0 0 1 1 1 1 1 1 1 1 1 1 1 1 1 1 1 1 1 1 0 0 0 0 0]
 [0 0 0 1 1 1 0 0 1 1 1 1 1 1 1 1 1 1 1 1 1 1 1 1 1 1 0 0 0 0 0]
 [0 0 1 2 2 2 1 1 0 0 1 1 1 1 1 1 1 1 1 1 1 1 1 1 1 1 1 1 0 0 0]
 [0 0 1 1 1 1 1 1 0 0 1 1 1 1 1 1 1 1 1 1 1 1 1 1 1 1 1 1 0 0 0]
 [0 1 1 1 1 1 1 1 1 1 0 0 1 1 1 1 1 1 1 1 1 1 1 1 1 1 1 1 1 1 0]
 [0 1 1 1 1 1 1 1 1 1 0 0 1 1 1 1 1 1 1 1 1 1 1 1 1 1 1 1 1 1 0]
 [0 0 0 1 1 1 1 1 1 1 1 1 0 0 1 1 1 1 1 1 1 1 1 1 1 1 1 1 1 0 0]
 [0 0 0 1 1 1 1 1 1 1 1 1 0 0 1 1 1 1 1 1 1 1 1 1 1 1 1 1 1 0 0]
 [0 0 1 1 1 1 1 1 1 1 1 1 1 1 0 0 1 1 1 1 1 1 1 1 1 1 1 1 0 0 0]
 [0 0 1 1 1 1 1 1 1 1 1 1 1 1 0 0 1 1 1 1 1 1 1 1 1 1 1 1 0 0 0]
 [0 1 1 1 1 1 1 1 1 1 1 1 1 1 1 1 0 0 1 1 1 1 1 1 1 1 1 1 1 1 0]
 [0 1 1 1 1 1 1 1 1 1 1 1 1 1 1 1 0 0 1 1 1 1 1 1 1 1 1 1 1 1 0]
 [0 0 0 1 1 1 1 1 1 1 1 1 1 1 1 1 1 1 0 0 1 1 1 1 1 1 1 1 1 0 0]
 [0 0 0 1 1 1 1 1 1 1 1 1 1 1 1 1 1 1 0 0 1 1 1 1 1 1 1 1 1 0 0]
 [0 0 1 1 1 1 1 1 1 1 1 1 1 1 1 1 1 1 1 1 0 0 1 1 1 1 1 1 0 0 0]
 [0 0 1 1 1 1 1 1 1 1 1 1 1 1 1 1 1 1 1 1 0 0 1 1 1 1 1 1 0 0 0]
 [0 0 0 0 1 1 1 1 1 1 1 1 1 1 1 1 1 1 1 1 1 1 0 0 1 1 1 0 0 0 0]
 [0 0 0 0 1 1 1 1 1 1 1 1 1 1 1 1 1 1 1 1 1 1 0 0 1 1 1 0 0 0 0]
 [0 0 0 0 1 1 1 1 1 1 1 1 1 1 1 1 1 1 1 1 1 2 1 1 0 0 0 0 0 0 0]
 [0 0 0 0 1 1 1 1 1 1 1 1 1 1 1 1 1 1 1 1 1 2 1 1 0 0 0 0 0 0 0]
 [0 0 0 0 0 0 0 0 1 1 1 1 1 1 1 1 1 1 1 1 1 1 1 0 0 0 0 0 0 0 0]
 [0 0 0 0 0 0 0 0 1 1 1 1 1 1 1 1 1 1 1 1 1 1 1 0 0 0 0 0 0 0 0]
 [0 0 0 0 0 0 0 0 0 0 0 0 0 0 0 0 0 0 0 0 0 0 0 0 0 0 0 0 0 0 0]
 [0 0 0 0 0 0 0 0 0 0 0 0 0 0 0 0 0 0 0 0 0 0 0 0 0 0 0 0 0 0 0]
 [0 0 0 0 0 0 0 0 0 0 0 0 0 0 0 0 0 0 0 0 0 0 0 0 0 0 0 0 0 0 0]]
