Best objective value: 516.0, 
Median objective value: 517.0, 
All objective values: [516.0, 517.0, 516.0, 518.0, 518.0], 
Calculation times: [605.3694925308228, 600.7669217586517, 616.68492603302, 646.0347335338593, 603.6698803901672], 
Generations: [47, 47, 48, 45, 47], 
Best solution values: [[610.0, 601.0, 601.0, 594.0, 588.0, 584.0, 582.0, 574.0, 553.0, 553.0, 553.0, 553.0, 547.0, 546.0, 545.0, 541.0, 541.0, 540.0, 540.0, 537.0, 535.0, 534.0, 531.0, 530.0, 529.0, 528.0, 525.0, 524.0, 522.0, 522.0, 519.0, 519.0, 518.0, 518.0, 518.0, 516.0, 516.0, 516.0, 516.0, 516.0, 516.0, 516.0, 516.0, 516.0, 516.0, 516.0, 516.0], [603.0, 603.0, 603.0, 595.0, 594.0, 586.0, 577.0, 574.0, 571.0, 560.0, 560.0, 560.0, 554.0, 554.0, 552.0, 548.0, 547.0, 546.0, 545.0, 544.0, 542.0, 539.0, 538.0, 536.0, 536.0, 536.0, 533.0, 533.0, 533.0, 532.0, 529.0, 529.0, 529.0, 529.0, 523.0, 523.0, 520.0, 520.0, 520.0, 518.0, 518.0, 518.0, 518.0, 518.0, 517.0, 517.0, 517.0], [594.0, 594.0, 588.0, 582.0, 572.0, 570.0, 570.0, 570.0, 553.0, 553.0, 553.0, 553.0, 551.0, 549.0, 544.0, 542.0, 541.0, 538.0, 538.0, 536.0, 535.0, 532.0, 532.0, 529.0, 528.0, 528.0, 526.0, 525.0, 524.0, 523.0, 521.0, 521.0, 521.0, 521.0, 521.0, 521.0, 520.0, 516.0, 516.0, 516.0, 516.0, 516.0, 516.0, 516.0, 516.0, 516.0, 516.0, 516.0], [606.0, 606.0, 603.0, 597.0, 591.0, 582.0, 582.0, 566.0, 566.0, 566.0, 558.0, 558.0, 555.0, 555.0, 553.0, 544.0, 544.0, 542.0, 542.0, 542.0, 540.0, 540.0, 539.0, 535.0, 535.0, 535.0, 533.0, 531.0, 529.0, 527.0, 527.0, 527.0, 524.0, 521.0, 520.0, 520.0, 520.0, 520.0, 520.0, 520.0, 520.0, 520.0, 520.0, 520.0, 518.0], [594.0, 585.0, 585.0, 578.0, 578.0, 571.0, 564.0, 564.0, 551.0, 549.0, 549.0, 544.0, 540.0, 537.0, 537.0, 536.0, 532.0, 532.0, 532.0, 529.0, 529.0, 526.0, 525.0, 525.0, 523.0, 523.0, 523.0, 522.0, 521.0, 521.0, 521.0, 521.0, 521.0, 521.0, 521.0, 521.0, 521.0, 518.0, 518.0, 518.0, 518.0, 518.0, 518.0, 518.0, 518.0, 518.0, 518.0]], 
Best solution: [(1, 18), (3, 9), (3, 12), (3, 15), (4, 7), (4, 18), (4, 21), (6, 9), (6, 12), (6, 15), (6, 23), (7, 4), (7, 17), (7, 20), (8, 11), (9, 3), (9, 6), (9, 14), (9, 23), (9, 26), (10, 13), (10, 17), (10, 20), (11, 8), (12, 1), (12, 4), (12, 7), (12, 15), (12, 23), (12, 26), (13, 10), (13, 17), (13, 20), (15, 3), (15, 6), (15, 9), (15, 12), (15, 18), (15, 23), (15, 26), (16, 20), (17, 14), (18, 2), (18, 5), (18, 8), (18, 11), (18, 21), (18, 24), (18, 27), (19, 16), (20, 13), (20, 23), (21, 4), (21, 7), (21, 10), (21, 18), (21, 25), (22, 15), (23, 12), (23, 20), (24, 6), (24, 9), (24, 18), (25, 15), (25, 21), (26, 12), (27, 10), (27, 18)], 
Best solution touchdown count: [[0 0 0 0 0 0 0 0 0 0 0 0 0 0 0 0 0 0 0 0 0 0 0 0 0 0 0 0 0 0 0]
 [0 0 0 0 0 0 0 0 0 0 0 0 0 0 0 0 0 0 1 1 1 0 0 0 0 0 0 0 0 0 0]
 [0 0 0 0 0 0 0 0 0 0 0 0 0 0 0 0 0 0 1 1 1 0 0 0 0 0 0 0 0 0 0]
 [0 0 0 0 0 0 0 0 0 1 1 1 1 1 1 1 1 1 1 1 1 0 0 0 0 0 0 0 0 0 0]
 [0 0 0 0 0 0 0 1 1 2 1 1 1 1 1 1 1 1 1 1 1 1 1 1 0 0 0 0 0 0 0]
 [0 0 0 0 0 0 0 1 1 2 1 1 1 1 1 1 1 1 1 1 1 1 1 1 0 0 0 0 0 0 0]
 [0 0 0 0 0 0 0 1 1 2 1 1 1 1 1 1 1 1 1 1 1 1 1 2 1 1 0 0 0 0 0]
 [0 0 0 0 1 1 1 0 0 1 1 1 1 1 1 1 1 2 1 1 1 1 1 1 1 1 0 0 0 0 0]
 [0 0 0 0 1 1 1 0 0 1 1 2 2 2 1 1 1 2 1 1 1 1 1 1 1 1 0 0 0 0 0]
 [0 0 0 1 2 2 2 1 1 0 0 1 1 1 1 1 1 1 1 1 1 1 1 1 1 1 1 1 1 0 0]
 [0 0 0 1 1 1 1 1 1 0 0 1 1 2 2 2 1 1 1 1 1 1 1 1 1 1 1 1 1 0 0]
 [0 0 0 1 1 1 1 1 2 1 1 0 0 1 2 2 1 1 1 1 1 1 1 1 1 1 1 1 1 0 0]
 [0 1 1 1 1 1 1 1 2 2 1 0 0 1 1 2 1 2 1 1 1 1 1 1 1 1 1 1 1 0 0]
 [0 1 1 1 1 1 1 1 2 2 2 1 1 0 0 1 1 2 1 1 1 1 1 1 1 1 1 1 1 0 0]
 [0 1 1 1 1 1 1 1 1 1 1 1 1 0 0 1 1 2 1 1 1 1 1 1 1 1 1 1 1 0 0]
 [0 0 0 1 1 1 1 1 1 1 2 2 2 1 1 0 0 1 2 2 2 1 1 1 1 1 1 1 1 0 0]
 [0 0 0 1 1 1 1 1 1 1 1 1 1 1 1 0 0 0 1 1 2 1 1 1 1 1 1 1 1 0 0]
 [0 0 0 1 1 1 1 1 1 1 1 1 1 1 2 1 1 0 1 1 2 1 1 1 1 1 1 1 1 0 0]
 [0 0 1 1 1 1 1 1 1 1 1 1 1 1 1 1 1 0 0 0 1 2 2 1 1 1 1 1 1 1 0]
 [0 0 1 1 1 1 1 1 1 1 1 1 1 1 1 1 2 1 1 0 0 1 1 1 1 1 1 1 1 1 0]
 [0 0 1 1 1 1 1 1 1 1 1 1 1 2 1 1 1 1 1 0 0 1 1 2 2 2 1 1 1 1 0]
 [0 0 0 0 1 1 1 1 1 1 1 1 1 1 1 1 1 1 2 1 1 0 0 1 1 2 1 1 0 0 0]
 [0 0 0 0 1 1 1 1 1 1 1 1 1 1 1 2 1 1 1 1 1 0 0 1 1 2 1 1 0 0 0]
 [0 0 0 0 1 1 1 1 1 1 1 1 2 1 1 1 1 1 1 1 2 1 1 0 0 1 1 1 0 0 0]
 [0 0 0 0 0 0 1 1 1 1 1 1 1 1 1 1 1 1 1 1 2 1 1 0 0 0 0 0 0 0 0]
 [0 0 0 0 0 0 1 1 1 1 1 1 1 1 1 1 1 1 1 1 2 2 2 1 0 0 0 0 0 0 0]
 [0 0 0 0 0 0 1 1 1 1 1 1 1 1 1 1 1 1 1 1 1 1 1 1 0 0 0 0 0 0 0]
 [0 0 0 0 0 0 0 0 0 0 1 1 2 1 1 1 1 1 1 1 1 1 1 1 0 0 0 0 0 0 0]
 [0 0 0 0 0 0 0 0 0 0 1 1 2 1 1 0 0 0 1 1 1 0 0 0 0 0 0 0 0 0 0]
 [0 0 0 0 0 0 0 0 0 0 1 1 1 0 0 0 0 0 1 1 1 0 0 0 0 0 0 0 0 0 0]
 [0 0 0 0 0 0 0 0 0 0 0 0 0 0 0 0 0 0 0 0 0 0 0 0 0 0 0 0 0 0 0]]
