Best objective value: [582.], 
Calculation time: 350.82664918899536, 
Generations: 57, 
Best solution: [(2, 11), (2, 15), (2, 19), (3, 7), (4, 8), (4, 22), (6, 10), (6, 14), (6, 18), (7, 3), (8, 4), (8, 12), (8, 22), (8, 25), (10, 6), (10, 14), (10, 18), (11, 2), (12, 8), (12, 16), (12, 22), (12, 26), (14, 6), (14, 10), (14, 18), (15, 2), (16, 12), (16, 20), (16, 24), (18, 6), (18, 10), (18, 14), (18, 22), (19, 2), (20, 16), (20, 24), (21, 8), (22, 4), (22, 12), (22, 18), (24, 16), (24, 20), (25, 8), (26, 12)], 
Touchdown map: [[0 0 0 0 0 0 0 0 0 0 0 0 0 0 0 0 0 0 0 0 0 0 0 0 0 0 0 0 0 0 0]
 [0 0 0 0 0 0 0 0 0 0 0 0 0 0 0 0 0 0 0 0 0 0 0 0 0 0 0 0 0 0 0]
 [0 0 0 0 0 0 0 0 0 0 0 1 1 1 1 1 1 1 1 1 1 1 1 0 0 0 0 0 0 0 0]
 [0 0 0 0 0 0 0 1 1 1 1 1 1 1 1 1 1 1 1 1 1 1 1 0 0 0 0 0 0 0 0]
 [0 0 0 0 0 0 0 1 2 2 2 2 1 1 1 1 1 1 1 1 1 1 2 1 1 1 0 0 0 0 0]
 [0 0 0 0 0 0 0 1 2 2 2 2 1 1 1 1 1 1 1 1 1 1 2 1 1 1 0 0 0 0 0]
 [0 0 0 0 0 0 0 1 2 2 3 2 1 1 1 1 1 1 1 1 1 1 1 1 1 1 0 0 0 0 0]
 [0 0 0 1 1 1 1 0 1 1 2 2 1 1 1 1 1 1 1 1 1 1 1 1 1 1 0 0 0 0 0]
 [0 0 0 1 2 2 2 1 0 0 1 1 2 2 2 2 1 1 1 1 1 1 1 1 1 2 1 1 1 0 0]
 [0 0 0 1 2 2 2 1 0 0 1 1 2 2 2 2 1 1 1 1 1 1 1 1 1 2 1 1 1 0 0]
 [0 0 0 1 2 2 3 2 1 1 0 0 1 1 2 2 1 1 1 1 1 1 1 1 1 2 1 1 1 0 0]
 [0 0 1 1 2 2 2 2 1 1 0 0 1 1 2 2 1 1 1 1 1 1 1 1 1 2 1 1 1 0 0]
 [0 0 1 1 1 1 1 1 2 2 1 1 0 0 1 1 2 2 2 2 1 1 1 1 1 1 1 1 1 1 0]
 [0 0 1 1 1 1 1 1 2 2 1 1 0 0 1 1 2 2 2 2 1 1 1 1 1 1 1 1 1 1 0]
 [0 0 1 1 1 1 1 1 2 2 2 2 1 1 0 0 1 1 2 2 1 1 1 1 1 1 1 1 1 1 0]
 [0 0 1 1 1 1 1 1 2 2 2 2 1 1 0 0 1 1 2 2 1 1 1 1 1 1 1 1 1 1 0]
 [0 0 1 1 1 1 1 1 1 1 1 1 2 2 1 1 0 0 1 1 2 2 1 1 1 1 1 1 0 0 0]
 [0 0 1 1 1 1 1 1 1 1 1 1 2 2 1 1 0 0 1 1 2 2 1 1 1 1 1 1 0 0 0]
 [0 0 1 1 1 1 1 1 1 1 1 1 2 2 2 2 1 1 0 0 1 1 2 2 2 2 1 1 0 0 0]
 [0 0 1 1 1 1 1 1 1 1 1 1 2 2 2 2 1 1 0 0 1 1 2 2 2 2 1 1 0 0 0]
 [0 0 1 1 1 1 1 1 1 1 1 1 1 1 1 1 2 2 1 1 0 0 1 1 2 2 1 1 0 0 0]
 [0 0 1 1 1 1 1 1 2 2 2 2 1 1 1 1 2 2 1 1 0 0 1 1 2 2 1 1 0 0 0]
 [0 0 1 1 2 2 1 1 1 1 1 1 1 1 1 1 1 1 2 2 1 1 0 0 1 1 1 1 0 0 0]
 [0 0 0 0 1 1 1 1 1 1 1 1 1 1 1 1 1 1 2 2 1 1 0 0 1 1 1 1 0 0 0]
 [0 0 0 0 1 1 1 1 1 1 1 1 1 1 1 1 1 1 2 2 2 2 1 1 0 0 0 0 0 0 0]
 [0 0 0 0 1 1 1 1 1 1 1 1 1 1 1 1 1 1 2 2 2 2 1 1 0 0 0 0 0 0 0]
 [0 0 0 0 0 0 0 0 1 1 1 1 1 1 1 1 1 1 1 1 1 1 1 1 0 0 0 0 0 0 0]
 [0 0 0 0 0 0 0 0 1 1 1 1 1 1 1 1 1 1 1 1 1 1 1 1 0 0 0 0 0 0 0]
 [0 0 0 0 0 0 0 0 1 1 1 1 1 1 1 1 0 0 0 0 0 0 0 0 0 0 0 0 0 0 0]
 [0 0 0 0 0 0 0 0 0 0 0 0 1 1 1 1 0 0 0 0 0 0 0 0 0 0 0 0 0 0 0]
 [0 0 0 0 0 0 0 0 0 0 0 0 0 0 0 0 0 0 0 0 0 0 0 0 0 0 0 0 0 0 0]]
