Best objective value: 582.0, 
Median objective value: 593.0, 
All objective values: [596.0, 593.0, 586.0, 596.0, 582.0], 
Calculation times: [631.9944224357605, 613.4689254760742, 609.2854568958282, 628.5634322166443, 605.1113092899323], 
Generations: [46, 38, 47, 37, 41], 
Best solution values: [[704.0, 699.0, 674.0, 674.0, 674.0, 655.0, 655.0, 649.0, 646.0, 646.0, 636.0, 634.0, 634.0, 634.0, 630.0, 623.0, 617.0, 616.0, 616.0, 616.0, 609.0, 609.0, 605.0, 604.0, 604.0, 600.0, 600.0, 600.0, 600.0, 600.0, 600.0, 600.0, 596.0, 596.0, 596.0, 596.0, 596.0, 596.0, 596.0, 596.0, 596.0, 596.0, 596.0, 596.0, 596.0, 596.0], [718.0, 694.0, 694.0, 687.0, 680.0, 667.0, 646.0, 635.0, 623.0, 623.0, 623.0, 623.0, 612.0, 612.0, 605.0, 602.0, 596.0, 596.0, 596.0, 593.0, 593.0, 593.0, 593.0, 593.0, 593.0, 593.0, 593.0, 593.0, 593.0, 593.0, 593.0, 593.0, 593.0, 593.0, 593.0, 593.0, 593.0, 593.0], [713.0, 699.0, 690.0, 682.0, 682.0, 672.0, 647.0, 647.0, 647.0, 644.0, 627.0, 626.0, 626.0, 621.0, 617.0, 617.0, 614.0, 612.0, 607.0, 607.0, 604.0, 604.0, 604.0, 599.0, 599.0, 598.0, 598.0, 595.0, 593.0, 593.0, 592.0, 592.0, 590.0, 590.0, 590.0, 588.0, 586.0, 586.0, 586.0, 586.0, 586.0, 586.0, 586.0, 586.0, 586.0, 586.0, 586.0], [688.0, 688.0, 686.0, 676.0, 659.0, 636.0, 636.0, 636.0, 636.0, 627.0, 619.0, 618.0, 618.0, 616.0, 611.0, 605.0, 605.0, 605.0, 596.0, 596.0, 596.0, 596.0, 596.0, 596.0, 596.0, 596.0, 596.0, 596.0, 596.0, 596.0, 596.0, 596.0, 596.0, 596.0, 596.0, 596.0, 596.0], [695.0, 695.0, 695.0, 677.0, 670.0, 670.0, 656.0, 656.0, 642.0, 642.0, 642.0, 628.0, 615.0, 615.0, 610.0, 597.0, 597.0, 597.0, 597.0, 593.0, 592.0, 592.0, 590.0, 590.0, 590.0, 590.0, 590.0, 590.0, 590.0, 590.0, 589.0, 584.0, 584.0, 584.0, 584.0, 584.0, 584.0, 584.0, 584.0, 584.0, 582.0]], 
Best solution: [(2, 11), (2, 15), (2, 19), (3, 7), (4, 8), (4, 22), (6, 10), (6, 14), (6, 18), (7, 3), (8, 12), (8, 22), (8, 25), (9, 5), (10, 14), (10, 18), (11, 3), (11, 7), (12, 16), (12, 22), (12, 26), (13, 9), (14, 18), (15, 1), (15, 5), (15, 11), (16, 20), (16, 24), (17, 9), (17, 13), (18, 22), (19, 2), (19, 5), (19, 15), (20, 24), (21, 9), (21, 13), (21, 17), (23, 5), (23, 19), (24, 20), (25, 8), (25, 12), (25, 16)], 
Best solution touchdown count: [[0 0 0 0 0 0 0 0 0 0 0 0 0 0 0 0 0 0 0 0 0 0 0 0 0 0 0 0 0 0 0]
 [0 0 0 0 0 0 0 0 0 0 0 0 0 0 0 0 0 0 0 0 0 0 0 0 0 0 0 0 0 0 0]
 [0 0 0 0 0 0 0 0 0 0 0 1 1 1 1 1 1 1 1 1 1 1 1 0 0 0 0 0 0 0 0]
 [0 0 0 0 0 0 0 1 1 1 1 1 1 1 1 1 1 1 1 1 1 1 1 0 0 0 0 0 0 0 0]
 [0 0 0 0 0 0 0 1 2 2 2 2 1 1 1 1 1 1 1 1 1 1 2 1 1 1 0 0 0 0 0]
 [0 0 0 0 0 0 0 1 2 2 2 2 1 1 1 1 1 1 1 1 1 1 2 1 1 1 0 0 0 0 0]
 [0 0 0 0 0 0 0 1 2 2 3 2 1 1 1 1 1 1 1 1 1 1 1 1 1 1 0 0 0 0 0]
 [0 0 0 1 1 1 1 0 1 1 2 2 1 1 1 1 1 1 1 1 1 1 1 1 1 1 0 0 0 0 0]
 [0 0 0 1 1 1 1 0 0 0 1 1 2 2 2 2 1 1 1 1 1 1 1 1 1 2 1 1 1 0 0]
 [0 0 0 1 1 2 2 1 1 0 1 1 2 2 2 2 1 1 1 1 1 1 1 1 1 2 1 1 1 0 0]
 [0 0 0 1 1 2 2 1 1 0 0 0 1 1 2 2 1 1 1 1 1 1 1 1 1 2 1 1 1 0 0]
 [0 0 0 1 1 2 2 2 2 1 1 0 1 1 2 2 1 1 1 1 1 1 1 1 1 2 1 1 1 0 0]
 [0 0 0 1 1 2 2 2 2 1 1 0 0 0 1 1 2 2 2 2 1 1 1 1 1 1 1 1 1 1 0]
 [0 0 0 1 1 1 1 1 1 2 2 1 1 0 1 1 2 2 2 2 1 1 1 1 1 1 1 1 1 1 0]
 [0 0 0 1 1 1 1 1 1 2 2 1 1 0 0 0 1 1 2 2 1 1 1 1 1 1 1 1 1 1 0]
 [0 1 1 1 1 1 1 1 1 1 1 2 2 1 1 0 1 1 2 2 1 1 1 1 1 1 1 1 1 1 0]
 [0 1 1 1 1 1 1 1 1 1 1 2 2 1 1 0 0 0 1 1 2 2 1 1 1 1 1 1 0 0 0]
 [0 1 1 1 1 1 1 1 1 1 1 2 2 2 2 1 1 0 1 1 2 2 1 1 1 1 1 1 0 0 0]
 [0 1 1 1 1 1 1 1 1 1 1 2 2 2 2 1 1 0 0 0 1 1 2 2 2 2 1 1 0 0 0]
 [0 0 1 1 1 2 1 1 1 1 1 1 1 1 1 2 2 1 1 0 1 1 2 2 2 2 1 1 0 0 0]
 [0 0 1 1 1 2 1 1 1 1 1 1 1 1 1 2 2 1 1 0 0 0 1 1 2 2 1 1 0 0 0]
 [0 0 1 1 1 2 1 1 1 1 1 1 1 1 1 2 2 2 2 1 1 0 1 1 2 2 1 1 0 0 0]
 [0 0 1 1 1 2 1 1 1 1 1 1 1 1 1 2 2 2 2 1 1 0 0 0 1 1 1 1 0 0 0]
 [0 0 0 0 0 1 1 1 1 1 1 1 1 1 1 1 1 1 1 2 2 1 1 0 1 1 1 1 0 0 0]
 [0 0 0 0 0 1 1 1 1 1 1 1 1 1 1 1 1 1 1 2 3 2 2 1 0 0 0 0 0 0 0]
 [0 0 0 0 0 1 1 1 2 1 1 1 1 1 1 1 1 1 1 2 2 2 2 1 0 0 0 0 0 0 0]
 [0 0 0 0 0 1 1 1 2 1 1 1 1 1 1 1 1 1 1 2 2 2 2 1 0 0 0 0 0 0 0]
 [0 0 0 0 0 0 0 0 1 1 1 1 1 1 1 1 1 1 1 1 1 1 1 1 0 0 0 0 0 0 0]
 [0 0 0 0 0 0 0 0 1 1 1 1 1 1 1 1 1 1 1 1 0 0 0 0 0 0 0 0 0 0 0]
 [0 0 0 0 0 0 0 0 0 0 0 0 0 0 0 0 0 0 0 0 0 0 0 0 0 0 0 0 0 0 0]
 [0 0 0 0 0 0 0 0 0 0 0 0 0 0 0 0 0 0 0 0 0 0 0 0 0 0 0 0 0 0 0]]
