Best objective value: 498.0, 
Median objective value: 505.0, 
All objective values: [502.0, 498.0, 505.0, 509.0, 518.0], 
Calculation times: [604.6134858131409, 615.1912384033203, 610.6096801757812, 608.4921534061432, 627.8105733394623], 
Generations: [46, 50, 45, 63, 44], 
Best solution values: [[569.0, 569.0, 567.0, 563.0, 563.0, 563.0, 560.0, 558.0, 558.0, 549.0, 546.0, 546.0, 545.0, 543.0, 540.0, 540.0, 535.0, 528.0, 528.0, 528.0, 525.0, 523.0, 519.0, 518.0, 516.0, 515.0, 515.0, 515.0, 515.0, 510.0, 510.0, 507.0, 507.0, 507.0, 507.0, 504.0, 504.0, 504.0, 504.0, 504.0, 504.0, 502.0, 502.0, 502.0, 502.0, 502.0], [567.0, 561.0, 561.0, 561.0, 561.0, 557.0, 557.0, 557.0, 557.0, 553.0, 551.0, 549.0, 547.0, 537.0, 537.0, 537.0, 535.0, 531.0, 531.0, 523.0, 522.0, 522.0, 522.0, 518.0, 516.0, 515.0, 515.0, 514.0, 514.0, 512.0, 509.0, 508.0, 508.0, 506.0, 504.0, 502.0, 501.0, 501.0, 499.0, 499.0, 498.0, 498.0, 498.0, 498.0, 498.0, 498.0, 498.0, 498.0, 498.0, 498.0], [574.0, 568.0, 568.0, 568.0, 567.0, 564.0, 561.0, 558.0, 556.0, 539.0, 539.0, 536.0, 536.0, 535.0, 533.0, 529.0, 526.0, 522.0, 520.0, 519.0, 517.0, 517.0, 515.0, 514.0, 513.0, 511.0, 509.0, 509.0, 509.0, 509.0, 509.0, 509.0, 509.0, 507.0, 507.0, 507.0, 507.0, 507.0, 507.0, 507.0, 507.0, 507.0, 505.0, 505.0, 505.0], [566.0, 566.0, 566.0, 566.0, 566.0, 560.0, 560.0, 560.0, 560.0, 554.0, 554.0, 554.0, 552.0, 552.0, 548.0, 548.0, 543.0, 539.0, 539.0, 539.0, 535.0, 533.0, 530.0, 530.0, 527.0, 527.0, 525.0, 525.0, 525.0, 523.0, 523.0, 523.0, 523.0, 523.0, 520.0, 520.0, 520.0, 520.0, 520.0, 517.0, 517.0, 517.0, 517.0, 516.0, 516.0, 516.0, 515.0, 515.0, 515.0, 514.0, 513.0, 513.0, 513.0, 513.0, 512.0, 512.0, 512.0, 512.0, 511.0, 510.0, 509.0, 509.0, 509.0], [578.0, 578.0, 570.0, 570.0, 570.0, 567.0, 567.0, 565.0, 553.0, 553.0, 552.0, 548.0, 547.0, 544.0, 542.0, 540.0, 539.0, 537.0, 537.0, 534.0, 534.0, 534.0, 529.0, 529.0, 529.0, 529.0, 525.0, 524.0, 524.0, 520.0, 520.0, 520.0, 520.0, 520.0, 519.0, 519.0, 519.0, 518.0, 518.0, 518.0, 518.0, 518.0, 518.0, 518.0]], 
Best solution: [(2, 10), (2, 15), (2, 17), (3, 8), (3, 13), (4, 6), (4, 11), (4, 16), (4, 18), (5, 9), (5, 14), (5, 20), (6, 7), (6, 12), (6, 17), (6, 22), (7, 9), (7, 10), (7, 15), (7, 19), (7, 24), (8, 4), (8, 13), (8, 17), (8, 21), (9, 6), (9, 11), (9, 15), (9, 19), (9, 23), (9, 26), (10, 3), (10, 12), (10, 17), (10, 21), (10, 26), (11, 5), (11, 7), (11, 14), (11, 19), (11, 24), (12, 2), (12, 7), (12, 14), (12, 16), (12, 21), (12, 22), (12, 27), (13, 4), (13, 9), (13, 18), (13, 25), (14, 1), (14, 6), (14, 11), (14, 15), (14, 20), (14, 23), (15, 3), (15, 8), (15, 17), (15, 21), (15, 26), (16, 5), (16, 10), (16, 12), (16, 19), (16, 24), (17, 2), (17, 7), (17, 12), (17, 18), (17, 22), (17, 27), (18, 4), (18, 9), (18, 14), (18, 20), (18, 25), (19, 1), (19, 6), (19, 11), (19, 16), (19, 23), (19, 27), (20, 3), (20, 8), (20, 13), (20, 17), (20, 21), (20, 25), (21, 5), (21, 10), (21, 15), (21, 22), (22, 7), (22, 12), (22, 18), (22, 24), (23, 4), (23, 9), (23, 14), (23, 16), (23, 20), (24, 6), (24, 11), (24, 18), (25, 8), (25, 13), (25, 15), (25, 21), (26, 10), (26, 17), (26, 19), (27, 12), (27, 14), (28, 16), (28, 18)], 
Best solution touchdown count: [[0 0 0 0 0 0 0 0 0 0 0 0 0 0 0 0 0 0 0 0 0 0 0 0 0 0 0 0 0 0 0]
 [0 0 0 0 0 0 0 0 0 0 0 1 0 0 0 0 1 0 1 0 0 0 0 0 0 0 0 0 0 0 0]
 [0 0 0 0 0 0 0 0 0 1 1 1 1 0 1 1 1 2 1 1 0 0 0 0 0 0 0 0 0 0 0]
 [0 0 0 0 0 0 0 1 1 1 1 1 1 1 1 1 1 1 1 1 0 0 0 0 0 0 0 0 0 0 0]
 [0 0 0 0 0 0 1 1 1 1 1 1 1 1 1 1 1 1 2 1 1 1 0 0 0 0 0 0 0 0 0]
 [0 0 0 0 0 0 0 1 1 1 1 1 1 1 1 1 1 1 1 1 1 1 1 1 0 0 0 0 0 0 0]
 [0 0 0 0 0 0 0 1 1 1 2 1 1 1 1 1 1 1 1 1 1 1 1 1 1 1 0 0 0 0 0]
 [0 0 0 0 0 1 0 0 1 1 2 2 1 1 1 1 1 1 2 1 1 1 1 1 1 1 1 0 0 0 0]
 [0 0 0 0 1 1 1 1 0 0 1 1 1 1 1 1 2 1 1 1 2 1 1 1 1 1 0 1 0 0 0]
 [0 0 0 0 1 1 1 1 1 0 0 1 1 2 1 1 1 1 2 1 1 1 2 1 1 1 1 2 1 0 0]
 [0 0 0 1 1 1 1 1 1 0 0 0 2 1 1 1 1 1 1 1 2 1 1 1 1 1 1 2 1 0 0]
 [0 0 0 1 1 1 1 2 2 1 0 0 0 1 1 2 1 1 1 1 1 1 2 1 1 1 1 1 1 0 0]
 [0 0 1 1 1 1 1 1 2 1 1 0 0 0 1 2 2 1 1 1 1 1 2 2 1 1 1 1 1 1 0]
 [0 0 1 1 1 1 1 1 1 1 1 1 1 0 0 1 1 1 1 1 1 1 1 1 1 1 1 1 1 0 0]
 [0 1 1 1 1 1 1 1 1 1 1 1 1 1 0 1 1 1 1 1 1 1 2 1 1 1 1 1 0 0 0]
 [0 0 1 1 1 1 1 1 1 1 1 1 1 1 0 0 1 1 1 1 1 2 1 1 1 1 1 1 1 0 0]
 [0 0 0 1 1 1 1 1 1 1 1 1 2 2 1 0 0 0 1 2 1 1 1 1 1 1 1 1 1 0 0]
 [0 0 1 1 1 1 1 1 1 1 1 1 1 2 1 1 0 0 1 1 2 1 1 1 1 1 1 1 1 1 0]
 [0 0 1 1 1 1 1 1 1 1 1 1 1 1 1 1 1 1 0 1 1 1 1 1 1 1 1 1 2 0 0]
 [0 1 1 1 1 1 1 1 1 1 1 1 1 1 1 1 1 1 2 0 0 1 1 1 1 1 2 1 1 1 0]
 [0 0 1 1 1 1 1 1 1 1 1 1 1 1 1 1 1 2 1 1 0 1 1 2 1 1 1 1 1 0 0]
 [0 0 0 0 1 1 1 1 1 1 1 1 1 1 1 1 1 1 1 1 0 0 2 1 1 1 1 0 0 0 0]
 [0 0 0 0 0 1 1 1 1 1 1 1 1 1 1 1 1 1 1 1 1 1 0 1 1 1 1 0 0 0 0]
 [0 0 0 0 1 1 1 1 1 1 1 1 1 1 1 1 2 1 1 2 1 1 1 0 0 1 0 0 0 0 0]
 [0 0 0 0 0 1 1 1 1 1 1 1 1 1 1 1 1 1 1 1 1 1 1 0 0 0 0 0 0 0 0]
 [0 0 0 0 0 0 0 1 1 1 1 1 1 1 1 2 1 1 1 1 1 1 1 1 0 0 0 0 0 0 0]
 [0 0 0 0 0 0 0 0 0 1 1 1 1 1 1 1 1 1 1 2 1 1 1 0 0 0 0 0 0 0 0]
 [0 0 0 0 0 0 0 0 0 0 0 1 1 1 2 1 1 1 1 1 1 0 0 0 0 0 0 0 0 0 0]
 [0 0 0 0 0 0 0 0 0 0 0 0 0 1 0 1 1 1 2 1 1 0 0 0 0 0 0 0 0 0 0]
 [0 0 0 0 0 0 0 0 0 0 0 0 0 0 0 0 0 1 0 1 0 0 0 0 0 0 0 0 0 0 0]
 [0 0 0 0 0 0 0 0 0 0 0 0 0 0 0 0 0 0 0 0 0 0 0 0 0 0 0 0 0 0 0]]
