Best objective value: [494.], 
Calculation time: 605.7235796451569, 
Generations: 119, 
Best solution: [(2, 13), (2, 15), (3, 8), (3, 10), (3, 17), (4, 6), (4, 12), (4, 14), (4, 19), (5, 9), (5, 16), (5, 21), (6, 7), (6, 11), (6, 13), (6, 18), (6, 22), (7, 3), (7, 8), (7, 15), (7, 20), (7, 25), (8, 5), (8, 10), (8, 12), (8, 17), (8, 23), (9, 3), (9, 14), (9, 19), (9, 21), (9, 26), (10, 6), (10, 11), (10, 16), (10, 19), (10, 24), (11, 4), (11, 8), (11, 13), (11, 17), (11, 22), (11, 27), (12, 2), (12, 6), (12, 15), (12, 20), (12, 25), (13, 4), (13, 9), (13, 14), (13, 18), (13, 23), (14, 1), (14, 7), (14, 11), (14, 16), (14, 21), (14, 26), (15, 3), (15, 5), (15, 9), (15, 19), (15, 24), (16, 1), (16, 7), (16, 12), (16, 17), (16, 22), (16, 27), (17, 1), (17, 4), (17, 10), (17, 14), (17, 19), (17, 20), (17, 25), (18, 1), (18, 6), (18, 8), (18, 11), (18, 23), (19, 3), (19, 8), (19, 13), (19, 15), (19, 21), (19, 26), (20, 5), (20, 10), (20, 15), (20, 24), (21, 2), (21, 7), (21, 12), (21, 17), (21, 22), (21, 26), (22, 4), (22, 9), (22, 14), (22, 19), (22, 23), (23, 6), (23, 11), (23, 16), (23, 20), (23, 25), (24, 8), (24, 13), (24, 18), (25, 5), (25, 10), (25, 15), (25, 21), (26, 7), (26, 12), (26, 17), (26, 19), (27, 9), (27, 14), (28, 11), (28, 16), (28, 18)], 
Touchdown map: [[0 0 0 0 0 0 0 0 0 0 0 0 0 0 0 0 0 0 0 0 0 0 0 0 0 0 0 0 0 0 0]
 [0 0 0 0 0 0 0 0 0 0 0 0 0 0 1 0 1 0 0 0 0 0 0 0 0 0 0 0 0 0 0]
 [0 0 0 0 0 0 0 0 0 1 0 1 0 1 1 2 1 1 1 0 0 0 0 0 0 0 0 0 0 0 0]
 [0 0 0 0 0 0 0 1 1 1 2 1 1 1 1 1 1 1 1 1 1 0 0 0 0 0 0 0 0 0 0]
 [0 0 0 0 0 0 1 1 1 1 1 1 1 1 2 1 1 1 1 1 1 1 1 0 0 0 0 0 0 0 0]
 [0 0 0 0 0 0 0 1 1 1 1 1 1 1 1 1 1 1 1 1 1 1 1 2 0 0 0 0 0 0 0]
 [0 0 0 0 1 0 0 1 1 2 1 1 1 2 1 1 1 1 1 1 1 1 2 1 1 0 1 0 0 0 0]
 [0 0 0 1 1 1 1 0 2 1 1 1 1 1 1 1 1 1 1 1 1 1 1 1 1 1 1 1 0 0 0]
 [0 0 0 0 2 1 1 1 0 1 1 1 2 1 1 1 1 1 1 1 1 1 1 1 1 1 1 1 0 0 0]
 [0 0 0 1 1 1 1 1 0 0 0 1 1 1 1 1 1 1 1 1 2 2 1 1 1 1 1 1 1 0 0]
 [0 0 0 0 1 1 1 1 1 1 0 1 1 1 1 1 1 1 2 1 2 1 1 1 1 1 1 1 1 0 0]
 [0 0 0 1 1 1 1 2 1 1 1 0 1 1 1 1 1 2 1 1 1 1 1 1 1 1 1 1 1 1 0]
 [0 0 1 1 1 2 1 1 1 1 1 0 0 0 1 2 1 1 1 1 1 1 1 1 1 1 1 1 1 0 0]
 [0 0 1 1 1 1 1 1 1 1 1 1 1 0 1 1 2 1 1 1 1 1 1 1 1 1 1 1 0 0 0]
 [0 1 1 1 1 1 1 1 1 1 2 1 1 1 0 1 1 1 1 1 1 1 1 1 1 1 1 1 1 0 0]
 [0 0 2 1 1 2 1 1 2 1 1 1 1 1 0 0 0 1 1 1 1 1 1 1 1 1 1 1 1 0 0]
 [0 1 2 1 1 1 1 1 1 1 1 1 1 1 1 1 0 1 1 1 2 1 1 1 1 1 1 1 1 1 0]
 [0 1 3 1 1 1 1 1 1 1 1 1 2 1 1 1 1 0 1 1 2 2 1 1 1 1 1 1 1 0 0]
 [0 1 2 1 1 1 1 1 2 2 1 2 1 1 1 1 1 0 0 0 1 1 1 1 1 1 1 1 0 0 0]
 [0 0 1 1 1 1 1 1 1 2 1 1 1 1 1 2 2 1 0 0 0 1 1 1 1 1 1 1 1 0 0]
 [0 0 0 1 1 1 1 1 1 1 1 1 1 1 1 1 2 1 1 0 0 0 1 1 1 1 1 2 0 0 0]
 [0 0 1 1 1 1 1 1 1 1 1 1 1 1 1 1 1 1 1 1 1 0 1 1 2 1 1 1 1 0 0]
 [0 0 0 1 1 1 1 1 1 1 1 1 1 1 1 1 1 1 1 1 1 2 0 2 1 1 1 1 0 0 0]
 [0 0 0 0 0 1 1 1 1 1 1 1 1 1 1 1 1 1 1 1 2 1 1 0 1 1 1 1 0 0 0]
 [0 0 0 0 0 0 1 1 1 1 1 1 1 1 1 1 1 1 1 1 1 1 1 0 0 0 1 0 0 0 0]
 [0 0 0 0 0 1 1 1 1 1 1 1 1 1 1 1 1 1 1 1 1 1 1 1 0 0 0 0 0 0 0]
 [0 0 0 0 0 0 1 1 1 1 1 1 1 1 1 1 1 1 1 2 1 1 1 0 0 0 0 0 0 0 0]
 [0 0 0 0 0 0 0 0 1 1 1 1 1 1 1 1 1 1 1 1 1 0 0 0 0 0 0 0 0 0 0]
 [0 0 0 0 0 0 0 0 0 0 1 1 1 1 0 1 1 1 2 1 1 0 0 0 0 0 0 0 0 0 0]
 [0 0 0 0 0 0 0 0 0 0 0 0 1 0 0 0 0 1 0 1 0 0 0 0 0 0 0 0 0 0 0]
 [0 0 0 0 0 0 0 0 0 0 0 0 0 0 0 0 0 0 0 0 0 0 0 0 0 0 0 0 0 0 0]]
