Best objective value: [9253.], 
Calculation time: 867.8378801345825, 
Generations: 40, 
Best solution: [(3, 36), (3, 51), (5, 31), (5, 40), (5, 56), (7, 25), (7, 41), (7, 53), (7, 60), (9, 23), (9, 34), (9, 50), (9, 63), (11, 20), (11, 36), (11, 50), (11, 63), (12, 44), (12, 67), (13, 17), (13, 28), (13, 56), (14, 42), (14, 69), (15, 15), (15, 27), (15, 57), (16, 43), (16, 71), (17, 13), (17, 28), (17, 58), (18, 42), (18, 57), (18, 73), (19, 11), (19, 15), (19, 31), (20, 24), (20, 40), (20, 54), (20, 63), (20, 74), (21, 10), (22, 24), (22, 29), (22, 45), (22, 47), (22, 63), (22, 76), (23, 10), (24, 8), (24, 24), (24, 31), (24, 47), (24, 63), (24, 77), (25, 7), (26, 19), (26, 34), (26, 49), (26, 63), (26, 77), (27, 7), (28, 21), (28, 37), (28, 53), (28, 64), (28, 79), (29, 5), (29, 80), (30, 20), (30, 36), (30, 51), (30, 67), (31, 4), (31, 72), (31, 80), (32, 19), (32, 33), (32, 48), (32, 57), (33, 3), (33, 67), (33, 82), (34, 19), (34, 32), (34, 43), (34, 58), (35, 3), (35, 37), (35, 68), (35, 82), (36, 4), (36, 10), (36, 21), (36, 46), (36, 59), (37, 31), (37, 44), (37, 67), (37, 83), (38, 3), (38, 18), (38, 54), (39, 33), (39, 48), (39, 53), (39, 69), (39, 83), (40, 2), (40, 17), (41, 29), (41, 37), (41, 53), (41, 69), (41, 84), (42, 2), (42, 16), (43, 32), (43, 47), (43, 56), (43, 66), (43, 82), (44, 1), (44, 16), (44, 32), (45, 47), (45, 58), (45, 72), (45, 84), (46, 1), (46, 17), (46, 31), (46, 84), (47, 1), (47, 37), (47, 53), (47, 68), (48, 13), (48, 29), (48, 56), (48, 72), (48, 84), (49, 1), (49, 16), (49, 36), (49, 50), (50, 27), (50, 41), (50, 55), (50, 68), (50, 83), (51, 1), (51, 15), (52, 17), (52, 32), (52, 41), (52, 52), (52, 68), (52, 83), (53, 1), (54, 1), (54, 14), (54, 30), (54, 46), (54, 62), (54, 78), (54, 83), (56, 1), (56, 11), (56, 19), (56, 34), (56, 42), (56, 57), (56, 69), (56, 84), (58, 1), (58, 14), (58, 30), (58, 46), (58, 59), (58, 73), (58, 84), (59, 56), (60, 2), (60, 17), (60, 30), (60, 45), (60, 69), (60, 83), (61, 45), (61, 60), (62, 2), (62, 18), (62, 28), (62, 42), (62, 67), (62, 83), (63, 51), (64, 4), (64, 15), (64, 31), (64, 38), (64, 54), (64, 69), (64, 82), (65, 3), (65, 66), (66, 10), (66, 22), (66, 38), (66, 50), (66, 81), (67, 4), (67, 65), (68, 11), (68, 26), (68, 35), (68, 50), (68, 80), (69, 5), (69, 66), (69, 80), (70, 20), (70, 34), (70, 50), (71, 6), (71, 63), (71, 79), (72, 22), (72, 34), (72, 48), (73, 7), (73, 64), (73, 78), (74, 19), (74, 34), (74, 49), (75, 8), (75, 24), (75, 31), (75, 61), (75, 77), (76, 8), (76, 45), (77, 20), (77, 35), (77, 53), (77, 68), (77, 76), (78, 11), (78, 37), (79, 24), (79, 46), (79, 59), (79, 74), (80, 11), (80, 37), (81, 22), (81, 45), (81, 61), (81, 71), (82, 15), (82, 31), (83, 45), (83, 59), (83, 69), (84, 15), (84, 30), (85, 33), (85, 49), (85, 62), (85, 69), (86, 17), (86, 68), (87, 28), (87, 40), (87, 46), (87, 57), (88, 19), (88, 23), (88, 66), (89, 39), (89, 50), (90, 22), (90, 36), (90, 62), (91, 49), (92, 25), (92, 35), (92, 60), (93, 50), (94, 31), (94, 36), (94, 56), (95, 50), (96, 36), (96, 52)], 
Touchdown map: [[0 0 0 ... 0 0 0]
 [0 0 0 ... 0 0 0]
 [0 0 0 ... 0 0 0]
 ...
 [0 0 0 ... 0 0 0]
 [0 0 0 ... 0 0 0]
 [0 0 0 ... 0 0 0]]
