Best objective value: 7941.0, 
Median objective value: 8128.0, 
All objective values: [8128.0, 8127.0, 8256.0, 8139.0, 7941.0], 
Calculation times: [601.023431301117, 601.2697858810425, 601.5177764892578, 621.1091001033783, 633.5635266304016], 
Generations: [147, 142, 146, 129, 142], 
Best solution: [(3, 33), (3, 41), (3, 49), (3, 57), (5, 31), (5, 39), (5, 47), (5, 55), (5, 63), (6, 29), (7, 37), (7, 45), (7, 53), (7, 61), (7, 68), (8, 23), (8, 31), (8, 39), (9, 47), (9, 55), (9, 63), (9, 71), (10, 22), (10, 30), (10, 38), (10, 45), (11, 51), (11, 59), (11, 66), (11, 74), (12, 19), (12, 27), (12, 35), (12, 43), (12, 58), (12, 74), (13, 51), (13, 66), (14, 16), (14, 21), (14, 29), (14, 37), (14, 45), (14, 53), (14, 61), (14, 69), (14, 77), (16, 16), (16, 24), (16, 32), (16, 40), (16, 47), (16, 55), (16, 63), (16, 71), (16, 79), (18, 12), (18, 20), (18, 27), (18, 35), (18, 43), (18, 51), (18, 59), (18, 67), (18, 74), (18, 81), (20, 11), (20, 17), (20, 25), (20, 32), (20, 39), (20, 47), (20, 55), (20, 60), (20, 68), (20, 76), (20, 82), (22, 10), (22, 18), (22, 26), (22, 34), (22, 42), (22, 50), (22, 58), (22, 66), (22, 74), (22, 82), (24, 9), (24, 17), (24, 25), (24, 33), (24, 41), (24, 48), (24, 56), (24, 61), (24, 68), (24, 76), (24, 84), (26, 7), (26, 15), (26, 23), (26, 31), (26, 39), (26, 47), (26, 54), (26, 62), (26, 70), (26, 78), (26, 86), (28, 7), (28, 15), (28, 23), (28, 28), (28, 36), (28, 44), (28, 51), (28, 59), (28, 65), (28, 73), (28, 81), (28, 87), (30, 7), (30, 15), (30, 23), (30, 29), (30, 37), (30, 45), (30, 53), (30, 60), (30, 68), (30, 75), (30, 81), (30, 88), (31, 4), (31, 64), (32, 11), (32, 18), (32, 25), (32, 33), (32, 41), (32, 49), (32, 56), (32, 70), (32, 74), (32, 80), (32, 88), (33, 3), (33, 62), (34, 3), (34, 11), (34, 19), (34, 26), (34, 32), (34, 38), (34, 46), (34, 54), (34, 67), (34, 74), (34, 82), (34, 90), (35, 62), (36, 3), (36, 11), (36, 16), (36, 23), (36, 31), (36, 39), (36, 47), (36, 55), (36, 67), (36, 74), (36, 82), (36, 90), (37, 60), (38, 2), (38, 9), (38, 15), (38, 21), (38, 29), (38, 37), (38, 45), (38, 53), (38, 68), (38, 73), (38, 81), (38, 89), (39, 60), (39, 91), (40, 2), (40, 5), (40, 13), (40, 21), (40, 29), (40, 36), (40, 44), (40, 52), (40, 68), (40, 76), (40, 83), (41, 60), (41, 66), (41, 90), (42, 1), (42, 9), (42, 14), (42, 22), (42, 30), (42, 38), (42, 46), (42, 54), (42, 74), (42, 82), (43, 62), (43, 68), (43, 76), (43, 84), (43, 92), (44, 1), (44, 9), (44, 17), (44, 25), (44, 33), (44, 41), (44, 49), (44, 57), (45, 65), (45, 68), (45, 76), (45, 84), (45, 92), (46, 3), (46, 11), (46, 19), (46, 27), (46, 35), (46, 43), (46, 51), (46, 59), (47, 66), (47, 69), (47, 77), (47, 85), (47, 92), (48, 1), (48, 9), (48, 13), (48, 21), (48, 29), (48, 37), (48, 44), (48, 51), (48, 59), (49, 67), (49, 75), (49, 83), (49, 91), (50, 1), (50, 9), (50, 17), (50, 25), (50, 30), (50, 37), (50, 45), (50, 52), (50, 59), (51, 66), (51, 74), (51, 82), (51, 90), (52, 1), (52, 9), (52, 14), (52, 19), (52, 27), (52, 35), (52, 43), (52, 51), (52, 58), (53, 66), (53, 74), (53, 82), (53, 90), (54, 3), (54, 11), (54, 19), (54, 23), (54, 31), (54, 39), (54, 44), (54, 52), (54, 60), (55, 68), (55, 76), (55, 84), (55, 92), (56, 1), (56, 9), (56, 15), (56, 23), (56, 31), (56, 39), (56, 47), (56, 53), (56, 61), (57, 68), (57, 76), (57, 84), (57, 92), (58, 1), (58, 9), (58, 17), (58, 24), (58, 31), (58, 39), (58, 45), (58, 53), (58, 61), (59, 69), (59, 76), (59, 83), (59, 91), (60, 2), (60, 9), (60, 17), (60, 25), (60, 33), (60, 41), (60, 49), (60, 57), (60, 65), (61, 35), (61, 73), (61, 81), (61, 89), (62, 3), (62, 11), (62, 19), (62, 27), (62, 41), (62, 49), (62, 57), (62, 65), (63, 35), (63, 73), (63, 81), (63, 89), (64, 4), (64, 12), (64, 20), (64, 27), (64, 43), (64, 51), (64, 59), (64, 67), (65, 11), (65, 34), (65, 41), (65, 73), (65, 81), (65, 89), (66, 3), (66, 19), (66, 27), (66, 49), (66, 57), (66, 65), (67, 5), (67, 13), (67, 29), (67, 35), (67, 43), (67, 72), (67, 80), (67, 88), (68, 4), (68, 21), (68, 49), (68, 57), (68, 65), (69, 12), (69, 19), (69, 27), (69, 34), (69, 41), (69, 73), (69, 80), (69, 87), (70, 5), (70, 49), (70, 57), (70, 65), (70, 88), (71, 12), (71, 20), (71, 28), (71, 35), (71, 43), (71, 64), (71, 72), (71, 80), (72, 6), (72, 50), (72, 57), (72, 86), (73, 12), (73, 20), (73, 27), (73, 35), (73, 42), (73, 64), (73, 72), (73, 80), (74, 7), (74, 15), (74, 49), (74, 56), (74, 86), (75, 23), (75, 31), (75, 39), (75, 47), (75, 63), (75, 71), (75, 79), (76, 8), (76, 16), (76, 55), (76, 76), (76, 84), (77, 23), (77, 31), (77, 39), (77, 47), (77, 61), (77, 68), (78, 11), (78, 19), (78, 55), (78, 76), (78, 83), (79, 26), (79, 34), (79, 40), (79, 47), (79, 62), (79, 69), (80, 11), (80, 19), (80, 50), (80, 58), (80, 74), (80, 82), (81, 27), (81, 34), (81, 42), (81, 66), (81, 81), (82, 13), (82, 21), (82, 45), (82, 53), (82, 61), (82, 69), (82, 77), (83, 23), (83, 31), (83, 37), (84, 15), (84, 42), (84, 47), (84, 54), (84, 62), (84, 70), (84, 78), (85, 18), (85, 26), (85, 34), (86, 41), (86, 49), (86, 57), (86, 63), (86, 67), (86, 75), (87, 20), (87, 28), (87, 35), (88, 43), (88, 49), (88, 56), (88, 64), (88, 72), (89, 21), (89, 29), (89, 37), (89, 65), (90, 43), (90, 49), (90, 57), (90, 71), (91, 23), (91, 27), (91, 35), (91, 59), (91, 67), (92, 35), (92, 43), (92, 51), (93, 29), (93, 58), (93, 66), (94, 35), (94, 43), (94, 51), (95, 31), (95, 59), (96, 35), (96, 43), (96, 51), (97, 56)], 
Best solution touchdown count: [[0 0 0 ... 0 0 0]
 [0 0 0 ... 0 0 0]
 [0 0 0 ... 0 0 0]
 ...
 [0 0 0 ... 0 0 0]
 [0 0 0 ... 0 0 0]
 [0 0 0 ... 0 0 0]]
