Best objective value: [1660.], 
Calculation time: 218.4294147491455, 
Generations: 127, 
Best solution: [(2, 19), (2, 22), (2, 25), (3, 28), (3, 31), (4, 13), (4, 16), (4, 19), (4, 22), (4, 25), (4, 34), (5, 28), (5, 31), (6, 11), (6, 14), (6, 17), (6, 20), (6, 23), (6, 25), (6, 34), (6, 37), (7, 28), (7, 31), (7, 40), (8, 10), (8, 13), (8, 16), (8, 19), (8, 22), (8, 25), (8, 34), (8, 37), (9, 28), (9, 31), (9, 40), (10, 7), (10, 12), (10, 15), (10, 18), (10, 21), (10, 23), (10, 26), (10, 31), (10, 34), (10, 37), (11, 28), (11, 40), (11, 43), (12, 5), (12, 8), (12, 14), (12, 17), (12, 20), (12, 23), (12, 25), (12, 31), (12, 34), (12, 37), (12, 43), (13, 10), (13, 28), (13, 34), (13, 40), (14, 4), (14, 7), (14, 16), (14, 19), (14, 22), (14, 25), (14, 31), (14, 37), (14, 43), (15, 3), (15, 9), (15, 12), (15, 28), (15, 34), (15, 40), (16, 6), (16, 18), (16, 21), (16, 24), (16, 26), (16, 31), (16, 37), (16, 42), (16, 45), (17, 4), (17, 9), (17, 11), (17, 14), (17, 28), (17, 34), (17, 39), (18, 7), (18, 20), (18, 23), (18, 26), (18, 31), (18, 36), (18, 42), (18, 45), (19, 1), (19, 4), (19, 10), (19, 13), (19, 16), (19, 28), (19, 34), (19, 37), (19, 39), (20, 7), (20, 22), (20, 25), (20, 31), (20, 42), (20, 45), (21, 2), (21, 5), (21, 9), (21, 12), (21, 15), (21, 18), (21, 27), (21, 30), (21, 33), (21, 36), (21, 39), (22, 8), (22, 24), (22, 42), (22, 45), (23, 2), (23, 5), (23, 11), (23, 14), (23, 17), (23, 20), (23, 26), (23, 29), (23, 32), (23, 35), (23, 38), (23, 41), (24, 8), (24, 44), (24, 47), (25, 3), (25, 6), (25, 11), (25, 14), (25, 17), (25, 20), (25, 22), (25, 27), (25, 30), (25, 32), (25, 35), (25, 38), (25, 41), (26, 9), (26, 44), (26, 47), (27, 3), (27, 6), (27, 12), (27, 15), (27, 18), (27, 21), (27, 24), (27, 29), (27, 32), (27, 35), (27, 38), (27, 41), (28, 9), (28, 43), (28, 46), (29, 3), (29, 6), (29, 12), (29, 15), (29, 18), (29, 21), (29, 23), (29, 26), (29, 31), (29, 34), (29, 37), (29, 40), (30, 9), (30, 19), (30, 32), (30, 43), (30, 46), (31, 3), (31, 6), (31, 11), (31, 14), (31, 17), (31, 22), (31, 25), (31, 28), (31, 35), (31, 37), (31, 40), (32, 9), (32, 20), (32, 23), (32, 34), (32, 42), (32, 45), (33, 3), (33, 6), (33, 11), (33, 14), (33, 17), (33, 26), (33, 29), (33, 30), (33, 36), (33, 39), (34, 8), (34, 20), (34, 23), (34, 26), (34, 42), (34, 45), (35, 5), (35, 11), (35, 14), (35, 17), (35, 29), (35, 32), (35, 37), (35, 40), (36, 8), (36, 20), (36, 23), (36, 26), (36, 43), (37, 5), (37, 11), (37, 14), (37, 17), (37, 28), (37, 31), (37, 34), (37, 39), (37, 42), (38, 5), (38, 8), (38, 11), (38, 20), (38, 23), (38, 26), (39, 14), (39, 17), (39, 29), (39, 32), (39, 35), (39, 41), (40, 8), (40, 11), (40, 14), (40, 20), (40, 23), (40, 26), (40, 37), (41, 17), (41, 29), (41, 32), (41, 35), (42, 9), (42, 12), (42, 14), (42, 20), (42, 23), (42, 26), (42, 38), (43, 16), (43, 19), (43, 29), (43, 32), (43, 35), (44, 13), (44, 22), (44, 25), (44, 28), (45, 16), (45, 19), (45, 31), (45, 34), (46, 20), (46, 23), (46, 26), (46, 29), (47, 17)], 
Touchdown map: [[0 0 0 ... 0 0 0]
 [0 0 0 ... 0 0 0]
 [0 0 0 ... 0 0 0]
 ...
 [0 0 0 ... 0 0 0]
 [0 0 0 ... 0 0 0]
 [0 0 0 ... 0 0 0]]
