Best objective value: [1720.], 
Calculation time: 496.4335880279541, 
Generations: 244, 
Best solution: [(1, 29), (2, 17), (2, 20), (2, 23), (2, 26), (3, 15), (3, 30), (4, 27), (4, 33), (4, 36), (5, 12), (5, 18), (5, 21), (5, 24), (6, 15), (6, 30), (7, 10), (7, 27), (7, 33), (7, 36), (7, 39), (8, 12), (8, 18), (8, 21), (8, 24), (9, 6), (9, 15), (9, 30), (10, 13), (10, 27), (10, 32), (10, 35), (10, 38), (10, 41), (11, 5), (11, 8), (11, 18), (11, 21), (11, 24), (12, 15), (12, 29), (13, 10), (13, 26), (13, 31), (13, 34), (13, 37), (13, 40), (13, 43), (14, 4), (14, 7), (14, 17), (14, 20), (14, 23), (15, 12), (15, 28), (16, 6), (16, 9), (16, 19), (16, 25), (16, 31), (16, 34), (16, 37), (16, 40), (16, 43), (16, 46), (17, 3), (17, 14), (17, 22), (18, 11), (18, 21), (18, 28), (18, 46), (19, 5), (19, 8), (19, 16), (19, 25), (19, 31), (19, 34), (19, 37), (19, 40), (19, 43), (20, 2), (20, 13), (20, 23), (21, 10), (21, 18), (21, 28), (21, 43), (21, 46), (22, 4), (22, 7), (22, 16), (22, 19), (22, 25), (22, 29), (22, 32), (22, 35), (22, 38), (22, 41), (23, 1), (23, 10), (23, 13), (24, 21), (24, 27), (24, 41), (24, 44), (24, 47), (25, 4), (25, 7), (25, 16), (25, 19), (25, 22), (25, 29), (25, 32), (25, 35), (25, 38), (26, 1), (26, 10), (26, 13), (27, 24), (27, 30), (27, 33), (27, 41), (27, 44), (27, 47), (28, 4), (28, 7), (28, 13), (28, 16), (28, 19), (28, 22), (28, 25), (28, 35), (28, 38), (29, 1), (29, 10), (29, 32), (30, 27), (30, 40), (30, 43), (30, 46), (31, 4), (31, 7), (31, 13), (31, 16), (31, 19), (31, 21), (31, 24), (31, 34), (31, 37), (32, 10), (32, 29), (33, 23), (33, 26), (33, 36), (33, 39), (33, 42), (33, 45), (34, 3), (34, 6), (34, 9), (34, 12), (34, 15), (34, 18), (34, 21), (34, 31), (35, 25), (35, 28), (35, 38), (36, 4), (36, 22), (36, 33), (36, 41), (36, 44), (37, 7), (37, 10), (37, 13), (37, 16), (37, 19), (37, 28), (37, 31), (37, 34), (37, 40), (38, 25), (39, 22), (39, 36), (39, 42), (40, 8), (40, 11), (40, 14), (40, 17), (40, 20), (40, 28), (40, 31), (40, 34), (41, 25), (41, 38), (42, 23), (42, 37), (43, 11), (43, 14), (43, 17), (43, 20), (43, 28), (43, 31), (43, 34), (44, 25), (45, 22), (46, 16), (46, 19), (46, 28), (46, 31), (46, 32), (47, 25)], 
Touchdown map: [[0 0 0 ... 0 0 0]
 [0 0 0 ... 0 0 0]
 [0 0 0 ... 0 0 0]
 ...
 [0 0 0 ... 0 0 0]
 [0 0 0 ... 0 0 0]
 [0 0 0 ... 0 0 0]]
