Best objective value: [1855.], 
Calculation time: 635.5795176029205, 
Generations: 151, 
Best solution: [(1, 24), (1, 27), (2, 16), (2, 20), (2, 31), (4, 12), (5, 24), (5, 27), (5, 35), (6, 10), (6, 16), (6, 20), (6, 31), (6, 38), (8, 12), (9, 22), (9, 26), (9, 30), (9, 34), (9, 37), (9, 41), (10, 6), (10, 14), (10, 18), (12, 8), (12, 16), (12, 22), (13, 4), (13, 25), (13, 29), (13, 32), (13, 36), (13, 39), (13, 43), (14, 10), (14, 18), (16, 6), (16, 12), (16, 20), (16, 24), (17, 2), (17, 28), (17, 32), (17, 36), (17, 40), (17, 44), (18, 10), (18, 14), (18, 22), (20, 6), (20, 16), (20, 24), (21, 3), (21, 10), (21, 26), (21, 30), (21, 34), (21, 38), (21, 42), (21, 46), (22, 14), (22, 18), (23, 27), (24, 7), (24, 11), (24, 19), (25, 3), (25, 21), (25, 29), (25, 33), (25, 37), (25, 41), (25, 45), (26, 15), (27, 23), (27, 31), (28, 7), (28, 11), (28, 19), (29, 3), (29, 21), (29, 25), (29, 33), (29, 37), (29, 41), (29, 45), (30, 15), (31, 27), (31, 35), (32, 7), (32, 11), (32, 19), (33, 3), (33, 18), (33, 22), (33, 25), (33, 29), (33, 37), (33, 41), (33, 44), (34, 14), (35, 31), (35, 39), (36, 6), (36, 10), (37, 13), (37, 17), (37, 21), (37, 25), (37, 29), (37, 33), (37, 41), (38, 6), (39, 35), (40, 9), (41, 13), (41, 17), (41, 21), (41, 25), (41, 29), (41, 33), (41, 37), (44, 14), (44, 33), (45, 17), (45, 21), (45, 25), (45, 29)], 
Touchdown map: [[0 0 0 ... 0 0 0]
 [0 0 0 ... 0 0 0]
 [0 0 0 ... 0 0 0]
 ...
 [0 0 0 ... 0 0 0]
 [0 0 0 ... 0 0 0]
 [0 0 0 ... 0 0 0]]
