Best objective value: 1859.0, 
Median objective value: 1906.0, 
All objective values: [1888.0, 1928.0, 1907.0, 1906.0, 1859.0], 
Calculation times: [574.3146648406982, 631.2790865898132, 604.6828265190125, 605.1647808551788, 607.7916343212128], 
Generations: [82, 100, 88, 81, 94], 
Best solution values: [[2311.0, 2299.0, 2269.0, 2248.0, 2248.0, 2245.0, 2227.0, 2178.0, 2178.0, 2168.0, 2133.0, 2120.0, 2095.0, 2086.0, 2070.0, 2057.0, 2056.0, 2040.0, 2034.0, 2012.0, 2004.0, 1997.0, 1993.0, 1980.0, 1978.0, 1974.0, 1964.0, 1959.0, 1945.0, 1942.0, 1929.0, 1929.0, 1929.0, 1924.0, 1920.0, 1912.0, 1908.0, 1908.0, 1903.0, 1903.0, 1903.0, 1896.0, 1896.0, 1896.0, 1894.0, 1892.0, 1891.0, 1891.0, 1890.0, 1889.0, 1889.0, 1888.0, 1888.0, 1888.0, 1888.0, 1888.0, 1888.0, 1888.0, 1888.0, 1888.0, 1888.0, 1888.0, 1888.0, 1888.0, 1888.0, 1888.0, 1888.0, 1888.0, 1888.0, 1888.0, 1888.0, 1888.0, 1888.0, 1888.0, 1888.0, 1888.0, 1888.0, 1888.0, 1888.0, 1888.0, 1888.0, 1888.0], [2324.0, 2303.0, 2297.0, 2297.0, 2278.0, 2263.0, 2249.0, 2158.0, 2158.0, 2154.0, 2154.0, 2109.0, 2109.0, 2108.0, 2098.0, 2086.0, 2071.0, 2058.0, 2058.0, 2055.0, 2019.0, 2019.0, 2019.0, 2017.0, 2017.0, 2002.0, 2002.0, 2002.0, 2001.0, 2000.0, 1983.0, 1983.0, 1983.0, 1983.0, 1978.0, 1969.0, 1969.0, 1961.0, 1958.0, 1958.0, 1958.0, 1958.0, 1958.0, 1957.0, 1950.0, 1949.0, 1946.0, 1945.0, 1945.0, 1945.0, 1943.0, 1943.0, 1943.0, 1942.0, 1941.0, 1940.0, 1940.0, 1939.0, 1939.0, 1939.0, 1939.0, 1939.0, 1935.0, 1935.0, 1935.0, 1935.0, 1935.0, 1935.0, 1935.0, 1935.0, 1935.0, 1935.0, 1935.0, 1935.0, 1935.0, 1935.0, 1935.0, 1935.0, 1935.0, 1935.0, 1935.0, 1935.0, 1935.0, 1935.0, 1935.0, 1928.0, 1928.0, 1928.0, 1928.0, 1928.0, 1928.0, 1928.0, 1928.0, 1928.0, 1928.0, 1928.0, 1928.0, 1928.0, 1928.0, 1928.0], [2331.0, 2331.0, 2331.0, 2303.0, 2281.0, 2267.0, 2259.0, 2244.0, 2206.0, 2204.0, 2178.0, 2135.0, 2134.0, 2113.0, 2113.0, 2113.0, 2084.0, 2069.0, 2069.0, 2064.0, 2052.0, 2037.0, 2031.0, 2030.0, 2030.0, 2016.0, 2016.0, 2011.0, 1995.0, 1990.0, 1989.0, 1984.0, 1971.0, 1970.0, 1966.0, 1964.0, 1961.0, 1957.0, 1957.0, 1953.0, 1951.0, 1948.0, 1943.0, 1939.0, 1938.0, 1938.0, 1936.0, 1933.0, 1933.0, 1931.0, 1928.0, 1922.0, 1918.0, 1914.0, 1914.0, 1914.0, 1914.0, 1914.0, 1911.0, 1911.0, 1911.0, 1908.0, 1908.0, 1908.0, 1908.0, 1908.0, 1908.0, 1908.0, 1908.0, 1908.0, 1908.0, 1908.0, 1908.0, 1908.0, 1908.0, 1908.0, 1907.0, 1907.0, 1907.0, 1907.0, 1907.0, 1907.0, 1907.0, 1907.0, 1907.0, 1907.0, 1907.0, 1907.0], [2274.0, 2274.0, 2274.0, 2247.0, 2220.0, 2200.0, 2200.0, 2194.0, 2194.0, 2140.0, 2137.0, 2120.0, 2102.0, 2102.0, 2078.0, 2078.0, 2074.0, 2057.0, 2057.0, 2045.0, 2034.0, 2027.0, 2025.0, 2020.0, 2019.0, 2013.0, 2013.0, 1994.0, 1986.0, 1984.0, 1980.0, 1978.0, 1973.0, 1973.0, 1968.0, 1964.0, 1964.0, 1964.0, 1961.0, 1949.0, 1949.0, 1949.0, 1934.0, 1934.0, 1933.0, 1929.0, 1929.0, 1929.0, 1929.0, 1929.0, 1928.0, 1928.0, 1926.0, 1921.0, 1921.0, 1921.0, 1914.0, 1914.0, 1910.0, 1910.0, 1910.0, 1910.0, 1910.0, 1910.0, 1910.0, 1910.0, 1910.0, 1910.0, 1910.0, 1910.0, 1907.0, 1907.0, 1907.0, 1907.0, 1906.0, 1906.0, 1906.0, 1906.0, 1906.0, 1906.0, 1906.0], [2304.0, 2298.0, 2298.0, 2253.0, 2253.0, 2253.0, 2206.0, 2201.0, 2185.0, 2178.0, 2125.0, 2125.0, 2113.0, 2111.0, 2109.0, 2097.0, 2089.0, 2067.0, 2065.0, 2059.0, 2042.0, 2034.0, 2027.0, 2027.0, 2020.0, 2001.0, 2001.0, 1997.0, 1997.0, 1994.0, 1972.0, 1970.0, 1958.0, 1958.0, 1947.0, 1942.0, 1942.0, 1938.0, 1921.0, 1921.0, 1921.0, 1920.0, 1918.0, 1918.0, 1918.0, 1917.0, 1917.0, 1902.0, 1901.0, 1898.0, 1896.0, 1895.0, 1895.0, 1895.0, 1884.0, 1884.0, 1884.0, 1882.0, 1877.0, 1875.0, 1868.0, 1866.0, 1866.0, 1865.0, 1862.0, 1862.0, 1861.0, 1861.0, 1861.0, 1860.0, 1860.0, 1859.0, 1859.0, 1859.0, 1859.0, 1859.0, 1859.0, 1859.0, 1859.0, 1859.0, 1859.0, 1859.0, 1859.0, 1859.0, 1859.0, 1859.0, 1859.0, 1859.0, 1859.0, 1859.0, 1859.0, 1859.0, 1859.0, 1859.0]], 
Best solution: [(2, 17), (2, 21), (2, 25), (3, 29), (3, 33), (4, 13), (4, 35), (6, 10), (6, 17), (6, 21), (6, 25), (7, 29), (7, 33), (7, 37), (8, 12), (8, 16), (8, 40), (9, 28), (10, 6), (10, 14), (10, 20), (10, 24), (11, 7), (11, 32), (11, 36), (12, 16), (12, 39), (12, 43), (13, 9), (13, 24), (13, 28), (14, 3), (14, 18), (14, 22), (15, 7), (15, 11), (15, 32), (15, 36), (16, 20), (16, 40), (16, 44), (17, 3), (17, 13), (17, 26), (17, 28), (18, 22), (19, 7), (19, 11), (19, 15), (19, 23), (19, 32), (19, 36), (19, 40), (20, 44), (21, 1), (21, 5), (21, 17), (21, 25), (21, 29), (23, 9), (23, 13), (23, 19), (23, 27), (23, 33), (23, 36), (23, 40), (24, 1), (24, 44), (25, 5), (25, 17), (25, 21), (25, 29), (27, 9), (27, 13), (27, 23), (27, 31), (27, 35), (27, 39), (27, 42), (28, 1), (28, 5), (28, 46), (29, 17), (29, 21), (29, 25), (29, 33), (31, 8), (31, 12), (31, 16), (31, 27), (31, 35), (31, 39), (31, 43), (32, 4), (33, 18), (33, 21), (33, 25), (33, 29), (33, 37), (35, 4), (35, 8), (35, 12), (35, 15), (35, 31), (35, 39), (35, 43), (37, 19), (37, 23), (37, 27), (37, 33), (37, 41), (39, 7), (39, 11), (39, 15), (39, 31), (39, 35), (41, 19), (41, 23), (41, 27), (41, 37), (42, 11), (43, 15), (43, 31), (43, 35), (45, 16), (45, 20), (45, 24), (45, 28)], 
Best solution touchdown count: [[0 0 0 0 0 0 0 0 0 0 0 0 0 0 0 0 0 0 0 0 0 0 0 0 0 0 0 0 0 0 0 0 0 0 0 0
  0 0 0 0 0 0 0 0 0 0 0 0 0 0 0]
 [0 0 0 0 0 0 0 0 0 0 0 0 0 0 0 0 0 0 0 0 0 0 0 0 0 0 0 0 0 0 0 0 0 0 0 0
  0 0 0 0 0 0 0 0 0 0 0 0 0 0 0]
 [0 0 0 0 0 0 0 0 0 0 0 0 0 0 0 0 0 1 1 1 1 1 1 1 1 1 1 1 1 0 0 0 0 0 0 0
  0 0 0 0 0 0 0 0 0 0 0 0 0 0 0]
 [0 0 0 0 0 0 0 0 0 0 0 0 0 0 0 0 0 1 1 1 1 1 1 1 1 1 1 1 1 1 1 1 1 1 1 1
  1 0 0 0 0 0 0 0 0 0 0 0 0 0 0]
 [0 0 0 0 0 0 0 0 0 0 0 0 0 1 1 1 1 1 1 1 1 1 1 1 1 1 1 1 1 1 1 1 1 1 1 2
  2 1 1 0 0 0 0 0 0 0 0 0 0 0 0]
 [0 0 0 0 0 0 0 0 0 0 0 0 0 1 1 1 1 1 1 1 1 1 1 1 1 1 1 1 1 1 1 1 1 1 1 2
  2 1 1 0 0 0 0 0 0 0 0 0 0 0 0]
 [0 0 0 0 0 0 0 0 0 0 1 1 1 2 1 1 1 1 1 1 1 1 1 1 1 1 1 1 1 1 1 1 1 1 1 2
  2 1 1 0 0 0 0 0 0 0 0 0 0 0 0]
 [0 0 0 0 0 0 0 0 0 0 1 1 1 2 1 1 1 1 1 1 1 1 1 1 1 1 1 1 1 1 1 1 1 1 1 2
  2 2 2 1 1 0 0 0 0 0 0 0 0 0 0]
 [0 0 0 0 0 0 0 0 0 0 1 1 2 2 1 1 1 2 2 2 1 1 1 1 1 1 1 1 1 1 1 1 1 1 1 1
  1 1 1 1 2 1 1 1 0 0 0 0 0 0 0]
 [0 0 0 0 0 0 0 0 0 0 1 1 2 2 1 1 1 2 2 2 1 1 1 1 1 1 1 1 2 2 2 2 1 1 1 1
  1 1 1 1 2 1 1 1 0 0 0 0 0 0 0]
 [0 0 0 0 0 0 1 1 1 1 0 0 1 1 2 2 2 2 1 1 1 1 1 1 1 1 1 1 1 2 2 2 1 1 1 1
  1 1 1 1 2 1 1 1 0 0 0 0 0 0 0]
 [0 0 0 0 0 0 1 2 2 2 1 0 1 1 2 2 2 2 1 1 1 1 1 1 1 1 1 1 1 1 1 1 1 1 1 1
  1 1 1 1 1 1 1 1 0 0 0 0 0 0 0]
 [0 0 0 0 0 0 1 2 2 2 1 0 0 0 1 1 2 2 1 1 1 1 1 1 1 1 1 1 1 1 1 1 1 1 1 1
  1 1 1 2 1 1 1 1 1 1 1 0 0 0 0]
 [0 0 0 0 0 0 1 2 2 3 2 1 1 0 1 1 2 2 1 1 1 1 1 1 2 2 2 2 1 1 1 1 1 1 1 1
  1 1 1 2 1 1 1 1 1 1 1 0 0 0 0]
 [0 0 0 1 1 1 1 1 1 2 2 1 1 0 0 0 1 1 2 2 1 1 1 1 2 2 1 1 1 1 1 1 1 1 1 1
  1 1 1 2 1 1 1 1 1 1 1 0 0 0 0]
 [0 0 0 1 1 1 1 1 1 2 2 2 2 1 1 0 1 1 2 2 1 1 1 1 2 2 1 1 1 1 1 1 1 1 1 1
  1 1 1 2 1 1 1 1 1 1 1 0 0 0 0]
 [0 0 0 1 1 1 1 1 1 2 2 2 2 1 1 0 0 0 1 1 2 2 2 2 2 2 1 1 1 1 1 1 1 1 1 1
  1 1 1 1 1 1 1 1 1 1 1 1 0 0 0]
 [0 0 0 2 2 2 2 1 1 1 1 1 1 2 2 1 1 0 1 1 2 2 2 2 1 1 1 1 2 2 1 1 1 1 1 1
  1 1 1 1 1 1 1 1 1 1 1 1 0 0 0]
 [0 0 0 1 1 1 1 1 1 1 1 1 1 2 2 1 1 0 0 0 1 1 2 2 1 1 1 1 2 2 1 1 1 1 1 1
  1 1 1 1 1 1 1 1 1 1 1 1 0 0 0]
 [0 0 0 1 1 1 1 1 1 1 1 1 1 2 2 2 2 1 1 0 1 1 2 3 2 2 2 1 2 2 1 1 1 1 1 1
  1 1 1 1 2 2 2 2 1 1 1 1 0 0 0]
 [0 0 0 1 1 1 1 1 1 1 1 1 1 2 2 2 2 1 1 0 0 0 1 2 2 2 2 1 2 2 1 1 1 1 1 1
  1 1 1 1 1 1 1 1 1 1 1 1 0 0 0]
 [0 1 1 1 1 1 1 2 2 1 1 1 1 1 1 1 1 2 2 1 1 0 1 2 2 3 2 1 1 1 1 1 2 1 1 1
  1 1 1 1 1 1 1 1 1 1 1 1 0 0 0]
 [0 1 1 1 1 1 1 2 2 1 1 1 1 1 1 1 1 2 2 1 1 0 0 1 1 2 2 1 1 1 1 1 2 1 1 1
  1 1 1 1 1 1 1 1 1 1 1 1 0 0 0]
 [0 1 1 1 1 1 1 1 1 1 1 1 1 1 1 1 1 1 1 2 2 1 1 0 0 1 1 2 2 2 2 1 1 1 1 1
  2 1 1 1 1 1 1 1 1 1 1 1 0 0 0]
 [0 2 2 2 2 1 1 1 1 1 1 1 1 1 1 1 1 1 1 2 2 1 1 0 0 1 1 2 2 2 2 1 1 1 1 1
  2 1 1 1 1 1 1 1 1 1 1 1 0 0 0]
 [0 1 1 1 1 1 1 1 1 1 1 1 1 1 1 1 1 1 1 2 2 2 2 1 1 0 0 1 1 2 2 1 1 1 1 1
  2 1 1 1 1 1 1 1 1 1 1 1 0 0 0]
 [0 1 1 1 1 1 1 1 1 1 1 1 1 1 1 1 1 1 1 2 2 2 2 1 1 0 0 1 1 2 2 1 1 1 1 1
  2 1 1 1 1 1 1 1 1 1 1 1 0 0 0]
 [0 1 1 1 1 1 1 1 1 1 1 1 1 1 1 1 1 1 1 1 1 1 1 2 2 1 1 0 0 1 1 2 2 1 1 1
  1 1 1 1 1 1 2 1 2 2 1 1 0 0 0]
 [0 1 1 1 1 2 2 2 2 1 1 1 1 1 1 1 1 1 1 1 1 1 1 2 2 1 1 0 0 1 1 2 2 1 1 1
  1 1 1 1 1 1 2 1 1 1 1 1 1 1 0]
 [0 1 1 1 1 1 1 1 1 1 1 1 1 1 1 1 1 1 1 1 1 1 1 2 2 2 2 1 1 0 0 1 1 2 2 2
  2 1 1 1 1 1 2 1 1 1 1 1 1 1 0]
 [0 1 1 1 1 1 1 1 1 1 1 1 1 1 1 1 1 1 1 1 1 1 1 2 2 2 2 1 1 0 0 1 1 2 2 2
  2 1 1 1 1 1 2 1 1 1 1 1 1 1 0]
 [0 1 1 1 1 1 1 1 2 1 1 1 1 1 1 1 1 2 2 2 1 1 1 1 1 1 1 2 2 1 1 0 0 1 1 2
  2 1 1 1 1 1 1 1 1 1 2 1 1 1 0]
 [0 0 0 0 1 1 1 1 1 1 1 1 1 1 1 1 1 2 2 2 1 1 1 1 1 1 1 2 2 1 1 0 0 1 1 2
  2 1 1 1 1 1 1 1 1 1 1 0 0 0 0]
 [0 0 0 0 1 1 1 1 1 1 1 1 1 1 1 1 1 1 2 2 1 2 1 1 1 1 1 2 2 2 2 1 1 0 0 1
  1 2 2 2 2 1 1 1 1 1 1 0 0 0 0]
 [0 0 0 0 1 1 1 1 1 1 1 1 1 1 1 1 1 1 2 2 1 2 1 1 1 1 1 2 2 2 2 1 1 0 0 1
  1 2 2 2 2 1 1 1 1 1 1 0 0 0 0]
 [0 0 0 0 2 2 2 2 1 1 1 1 1 1 1 2 1 1 2 1 1 2 1 1 1 1 1 1 1 1 1 2 2 1 1 0
  0 1 1 2 2 1 1 1 1 1 1 0 0 0 0]
 [0 0 0 0 1 1 1 1 1 1 1 1 1 1 1 2 1 1 2 1 1 2 1 1 1 1 1 1 1 1 1 2 2 1 1 0
  0 1 1 2 2 1 1 1 1 1 1 0 0 0 0]
 [0 0 0 0 1 1 1 1 1 1 1 1 1 1 1 2 1 1 1 1 1 1 1 1 1 1 1 1 1 1 1 1 1 2 2 1
  1 0 0 1 1 2 2 2 2 1 1 0 0 0 0]
 [0 0 0 0 1 1 1 1 1 1 1 1 1 1 1 2 1 1 1 1 1 1 1 1 1 1 1 1 1 1 1 1 1 2 2 1
  1 0 0 1 1 2 2 2 2 1 1 0 0 0 0]
 [0 0 0 0 0 0 0 1 1 1 1 1 1 1 1 1 1 1 1 1 1 1 1 1 1 1 1 1 1 1 1 1 1 2 2 2
  2 1 1 0 0 1 1 1 1 0 0 0 0 0 0]
 [0 0 0 0 0 0 0 1 1 1 1 1 1 1 1 1 1 1 1 1 1 1 1 1 1 1 1 1 1 1 1 1 1 2 2 2
  2 1 1 0 0 1 1 1 1 0 0 0 0 0 0]
 [0 0 0 0 0 0 0 1 1 1 1 1 1 1 1 1 1 1 1 1 1 1 1 1 1 1 1 1 1 1 1 1 1 1 1 1
  1 2 2 1 1 0 0 0 0 0 0 0 0 0 0]
 [0 0 0 0 0 0 0 1 1 1 1 2 2 2 2 1 1 1 1 1 1 1 1 1 1 1 1 1 1 1 1 1 1 1 1 1
  1 2 2 1 1 0 0 0 0 0 0 0 0 0 0]
 [0 0 0 0 0 0 0 0 0 0 0 1 1 1 1 1 1 1 1 1 1 1 1 1 1 1 1 1 1 1 1 1 1 1 1 1
  1 2 2 1 1 0 0 0 0 0 0 0 0 0 0]
 [0 0 0 0 0 0 0 0 0 0 0 1 1 1 1 1 1 1 1 1 1 1 1 1 1 1 1 1 1 1 1 1 1 1 1 1
  1 2 2 1 1 0 0 0 0 0 0 0 0 0 0]
 [0 0 0 0 0 0 0 0 0 0 0 1 1 1 1 1 2 2 2 1 1 1 1 1 1 1 1 1 1 1 1 2 1 1 1 1
  1 1 1 0 0 0 0 0 0 0 0 0 0 0 0]
 [0 0 0 0 0 0 0 0 0 0 0 0 0 0 0 1 2 2 2 1 1 1 1 1 1 1 1 1 1 1 1 2 1 1 1 1
  1 1 1 0 0 0 0 0 0 0 0 0 0 0 0]
 [0 0 0 0 0 0 0 0 0 0 0 0 0 0 0 0 1 1 1 1 1 1 1 1 1 1 1 1 1 1 1 1 0 0 0 0
  0 0 0 0 0 0 0 0 0 0 0 0 0 0 0]
 [0 0 0 0 0 0 0 0 0 0 0 0 0 0 0 0 1 1 1 1 1 1 1 1 1 1 1 1 1 1 1 1 0 0 0 0
  0 0 0 0 0 0 0 0 0 0 0 0 0 0 0]
 [0 0 0 0 0 0 0 0 0 0 0 0 0 0 0 0 0 0 0 0 0 0 0 0 0 0 0 0 0 0 0 0 0 0 0 0
  0 0 0 0 0 0 0 0 0 0 0 0 0 0 0]
 [0 0 0 0 0 0 0 0 0 0 0 0 0 0 0 0 0 0 0 0 0 0 0 0 0 0 0 0 0 0 0 0 0 0 0 0
  0 0 0 0 0 0 0 0 0 0 0 0 0 0 0]]
