Best objective value: [1704.], 
Calculation time: 499.45815110206604, 
Generations: 227, 
Best solution: [(2, 19), (2, 26), (3, 21), (3, 23), (3, 28), (4, 14), (4, 18), (4, 25), (4, 30), (4, 32), (4, 34), (5, 16), (5, 20), (5, 22), (5, 27), (5, 36), (6, 11), (6, 13), (6, 18), (6, 24), (6, 29), (6, 31), (6, 33), (7, 9), (7, 15), (7, 21), (7, 26), (7, 35), (8, 12), (8, 17), (8, 19), (8, 23), (8, 28), (8, 30), (8, 32), (8, 37), (8, 38), (9, 10), (9, 14), (9, 21), (9, 25), (9, 34), (9, 40), (10, 6), (10, 12), (10, 16), (10, 18), (10, 23), (10, 27), (10, 29), (10, 31), (10, 36), (10, 42), (11, 8), (11, 15), (11, 20), (11, 25), (11, 33), (11, 38), (11, 39), (12, 5), (12, 9), (12, 13), (12, 17), (12, 22), (12, 27), (12, 28), (12, 30), (12, 35), (12, 41), (13, 7), (13, 15), (13, 19), (13, 24), (13, 32), (13, 37), (13, 43), (14, 5), (14, 10), (14, 17), (14, 21), (14, 26), (14, 29), (14, 34), (14, 39), (14, 40), (14, 45), (15, 3), (15, 8), (15, 12), (15, 17), (15, 19), (15, 23), (15, 26), (15, 31), (15, 36), (15, 42), (16, 6), (16, 10), (16, 21), (16, 23), (16, 28), (16, 33), (16, 38), (16, 44), (17, 4), (17, 8), (17, 13), (17, 18), (17, 25), (17, 30), (17, 35), (17, 40), (17, 41), (18, 6), (18, 11), (18, 20), (18, 22), (18, 27), (18, 32), (18, 37), (18, 43), (18, 45), (19, 3), (19, 4), (19, 9), (19, 14), (19, 15), (19, 24), (19, 29), (19, 34), (19, 39), (19, 47), (20, 7), (20, 12), (20, 17), (20, 21), (20, 26), (20, 31), (20, 36), (20, 41), (20, 42), (20, 44), (21, 2), (21, 5), (21, 10), (21, 15), (21, 23), (21, 28), (21, 33), (21, 38), (21, 46), (22, 5), (22, 8), (22, 13), (22, 18), (22, 25), (22, 30), (22, 35), (22, 40), (22, 41), (22, 43), (23, 3), (23, 8), (23, 11), (23, 16), (23, 20), (23, 25), (23, 27), (23, 32), (23, 37), (23, 45), (24, 1), (24, 6), (24, 11), (24, 14), (24, 18), (24, 29), (24, 34), (24, 39), (24, 42), (24, 47), (25, 1), (25, 4), (25, 9), (25, 16), (25, 21), (25, 26), (25, 31), (25, 36), (25, 44), (26, 1), (26, 7), (26, 12), (26, 13), (26, 18), (26, 19), (26, 23), (26, 28), (26, 33), (26, 38), (26, 40), (26, 41), (26, 46), (27, 3), (27, 5), (27, 9), (27, 10), (27, 15), (27, 21), (27, 24), (27, 30), (27, 35), (27, 43), (28, 1), (28, 7), (28, 12), (28, 17), (28, 22), (28, 29), (28, 32), (28, 37), (28, 39), (28, 43), (28, 45), (29, 1), (29, 4), (29, 9), (29, 14), (29, 19), (29, 20), (29, 25), (29, 30), (29, 34), (29, 41), (29, 47), (30, 1), (30, 6), (30, 11), (30, 16), (30, 23), (30, 32), (30, 36), (30, 38), (30, 44), (30, 47), (31, 3), (31, 8), (31, 13), (31, 18), (31, 21), (31, 26), (31, 27), (31, 36), (31, 40), (31, 42), (31, 47), (32, 5), (32, 10), (32, 15), (32, 19), (32, 24), (32, 29), (32, 33), (32, 34), (32, 38), (32, 45), (33, 2), (33, 7), (33, 12), (33, 17), (33, 22), (33, 27), (33, 36), (33, 41), (33, 43), (34, 4), (34, 9), (34, 14), (34, 20), (34, 25), (34, 30), (34, 35), (34, 39), (34, 45), (35, 6), (35, 11), (35, 16), (35, 18), (35, 23), (35, 28), (35, 32), (35, 37), (35, 42), (36, 3), (36, 8), (36, 13), (36, 18), (36, 21), (36, 26), (36, 32), (36, 40), (36, 44), (37, 5), (37, 10), (37, 15), (37, 19), (37, 24), (37, 29), (37, 30), (37, 38), (37, 42), (38, 7), (38, 12), (38, 17), (38, 22), (38, 27), (38, 33), (38, 34), (38, 39), (39, 9), (39, 14), (39, 20), (39, 25), (39, 31), (39, 36), (39, 41), (40, 6), (40, 11), (40, 16), (40, 18), (40, 23), (40, 28), (40, 29), (40, 34), (41, 8), (41, 13), (41, 18), (41, 21), (41, 26), (41, 32), (41, 37), (42, 10), (42, 15), (42, 19), (42, 24), (42, 30), (42, 35), (42, 39), (43, 12), (43, 17), (43, 22), (43, 27), (43, 28), (43, 33), (44, 14), (44, 20), (44, 25), (44, 31), (44, 36), (44, 37), (44, 38), (45, 16), (45, 18), (45, 23), (45, 27), (45, 29), (45, 34), (46, 13), (46, 21), (46, 25), (46, 32), (47, 15), (47, 17), (47, 19), (47, 28), (47, 30), (48, 22), (48, 23), (48, 24), (48, 26)], 
Touchdown map: [[0 0 0 ... 0 0 0]
 [0 0 0 ... 0 0 0]
 [0 0 0 ... 0 0 0]
 ...
 [0 0 0 ... 0 0 0]
 [0 0 0 ... 0 0 0]
 [0 0 0 ... 0 0 0]]
