Best objective value: 1799.0, 
Median objective value: 1801.0, 
All objective values: [1799.0, 1819.0, 1800.0, 1812.0, 1801.0], 
Calculation times: [640.8681437969208, 601.8456828594208, 717.61643242836, 623.1403770446777, 613.9152297973633], 
Generations: [59, 39, 41, 44, 56], 
Best solution values: [[2225.0, 2212.0, 2178.0, 2124.0, 2080.0, 2017.0, 2017.0, 2017.0, 1959.0, 1894.0, 1889.0, 1887.0, 1859.0, 1855.0, 1827.0, 1823.0, 1823.0, 1819.0, 1817.0, 1813.0, 1813.0, 1811.0, 1809.0, 1807.0, 1805.0, 1803.0, 1803.0, 1801.0, 1801.0, 1799.0, 1799.0, 1799.0, 1799.0, 1799.0, 1799.0, 1799.0, 1799.0, 1799.0, 1799.0, 1799.0, 1799.0, 1799.0, 1799.0, 1799.0, 1799.0, 1799.0, 1799.0, 1799.0, 1799.0, 1799.0, 1799.0, 1799.0, 1799.0, 1799.0, 1799.0, 1799.0, 1799.0, 1799.0, 1799.0], [2201.0, 2182.0, 2139.0, 2133.0, 2090.0, 2037.0, 2036.0, 1991.0, 1954.0, 1945.0, 1905.0, 1905.0, 1894.0, 1866.0, 1864.0, 1861.0, 1861.0, 1848.0, 1848.0, 1847.0, 1845.0, 1835.0, 1835.0, 1835.0, 1833.0, 1829.0, 1829.0, 1827.0, 1825.0, 1825.0, 1825.0, 1823.0, 1823.0, 1821.0, 1819.0, 1819.0, 1819.0, 1819.0, 1819.0], [2233.0, 2196.0, 2141.0, 2085.0, 2085.0, 2049.0, 2025.0, 2003.0, 1967.0, 1967.0, 1945.0, 1919.0, 1918.0, 1916.0, 1892.0, 1879.0, 1855.0, 1849.0, 1826.0, 1810.0, 1806.0, 1806.0, 1806.0, 1806.0, 1804.0, 1804.0, 1802.0, 1802.0, 1802.0, 1802.0, 1802.0, 1800.0, 1800.0, 1800.0, 1800.0, 1800.0, 1800.0, 1800.0, 1800.0, 1800.0, 1800.0], [2203.0, 2189.0, 2168.0, 2165.0, 2097.0, 2069.0, 2057.0, 1999.0, 1999.0, 1995.0, 1906.0, 1903.0, 1897.0, 1888.0, 1886.0, 1881.0, 1863.0, 1857.0, 1843.0, 1841.0, 1837.0, 1835.0, 1831.0, 1831.0, 1825.0, 1825.0, 1825.0, 1823.0, 1821.0, 1817.0, 1815.0, 1815.0, 1815.0, 1813.0, 1812.0, 1812.0, 1812.0, 1812.0, 1812.0, 1812.0, 1812.0, 1812.0, 1812.0, 1812.0], [2170.0, 2130.0, 2130.0, 2108.0, 2086.0, 2052.0, 2043.0, 1990.0, 1964.0, 1929.0, 1929.0, 1891.0, 1861.0, 1861.0, 1861.0, 1857.0, 1855.0, 1855.0, 1854.0, 1847.0, 1847.0, 1841.0, 1815.0, 1815.0, 1815.0, 1813.0, 1813.0, 1813.0, 1811.0, 1811.0, 1809.0, 1807.0, 1807.0, 1804.0, 1804.0, 1803.0, 1803.0, 1802.0, 1801.0, 1801.0, 1801.0, 1801.0, 1801.0, 1801.0, 1801.0, 1801.0, 1801.0, 1801.0, 1801.0, 1801.0, 1801.0, 1801.0, 1801.0, 1801.0, 1801.0, 1801.0]], 
Best solution: [(3, 19), (4, 12), (5, 24), (6, 9), (7, 25), (8, 9), (9, 14), (9, 29), (10, 6), (11, 15), (11, 30), (12, 4), (13, 18), (13, 31), (14, 3), (15, 18), (15, 32), (16, 2), (17, 18), (17, 33), (18, 2), (19, 18), (19, 34), (20, 2), (21, 18), (21, 34), (22, 2), (23, 18), (23, 34), (24, 2), (25, 17), (25, 33), (26, 1), (27, 2), (27, 18), (27, 34), (29, 1), (29, 17), (29, 33), (31, 2), (31, 17), (31, 33), (33, 2), (33, 18), (33, 33), (35, 3), (35, 16), (35, 32), (37, 4), (37, 20), (37, 31), (39, 6), (39, 17), (39, 29), (41, 7), (41, 23), (41, 28), (43, 9), (43, 25), (45, 12), (45, 23), (47, 19)], 
Best solution touchdown count: [[0 0 0 0 0 0 0 0 0 0 0 0 0 0 0 0 0 0 0 0 0 0 0 0 0 0 0 0 0 0 0 0 0 0 0 0
  0 0 0 0 0 0 0 0 0 0 0 0 0 0 0]
 [0 0 0 0 0 0 0 0 0 0 0 0 0 0 0 0 0 0 0 0 0 0 0 0 0 0 0 0 0 0 0 0 0 0 0 0
  0 0 0 0 0 0 0 0 0 0 0 0 0 0 0]
 [0 0 0 0 0 0 0 0 0 0 0 0 0 0 0 0 0 0 0 0 0 0 0 0 0 0 0 0 0 0 0 0 0 0 0 0
  0 0 0 0 0 0 0 0 0 0 0 0 0 0 0]
 [0 0 0 0 0 0 0 0 0 0 0 0 0 0 0 0 0 0 0 1 1 1 1 1 1 1 1 1 1 1 1 1 1 1 1 0
  0 0 0 0 0 0 0 0 0 0 0 0 0 0 0]
 [0 0 0 0 0 0 0 0 0 0 0 0 1 1 1 1 1 1 1 2 2 2 2 2 2 2 2 2 1 1 1 1 1 1 1 0
  0 0 0 0 0 0 0 0 0 0 0 0 0 0 0]
 [0 0 0 0 0 0 0 0 0 0 0 0 1 1 1 1 1 1 1 1 1 1 1 1 2 2 2 2 1 1 1 1 1 1 1 1
  1 1 1 1 0 0 0 0 0 0 0 0 0 0 0]
 [0 0 0 0 0 0 0 0 0 1 1 1 1 1 1 1 1 1 1 1 1 1 1 1 2 1 1 1 1 1 1 1 1 1 1 1
  1 1 1 1 0 0 0 0 0 0 0 0 0 0 0]
 [0 0 0 0 0 0 0 0 0 1 1 1 1 1 1 1 1 1 1 1 1 1 1 1 1 1 1 1 1 1 1 1 1 1 1 1
  1 1 1 1 1 0 0 0 0 0 0 0 0 0 0]
 [0 0 0 0 0 0 0 0 0 1 1 1 1 1 1 1 1 1 1 1 1 1 1 1 1 1 1 1 1 1 1 1 1 1 1 1
  1 1 1 1 1 0 0 0 0 0 0 0 0 0 0]
 [0 0 0 0 0 0 0 0 0 1 1 1 1 1 2 2 2 2 2 2 2 2 2 2 2 1 1 1 1 2 1 1 1 1 1 1
  1 1 1 1 1 1 1 1 1 0 0 0 0 0 0]
 [0 0 0 0 0 0 1 1 1 1 1 1 1 1 2 2 2 2 2 2 2 2 1 1 1 1 1 1 1 2 1 1 1 1 1 1
  1 1 1 1 1 1 1 1 1 0 0 0 0 0 0]
 [0 0 0 0 0 0 1 1 1 1 1 1 1 1 1 2 2 2 2 2 2 2 1 1 1 1 1 1 1 1 2 1 1 1 1 1
  1 1 1 1 1 1 1 1 1 1 0 0 0 0 0]
 [0 0 0 0 1 1 1 1 1 1 1 1 1 1 1 2 2 2 2 2 1 1 1 1 1 1 1 1 1 1 2 1 1 1 1 1
  1 1 1 1 1 1 1 1 1 1 0 0 0 0 0]
 [0 0 0 0 1 1 1 1 1 1 1 1 1 1 1 1 1 1 2 2 1 1 1 1 1 1 1 1 1 1 1 2 2 2 1 1
  1 1 1 1 1 1 1 1 1 1 1 0 0 0 0]
 [0 0 0 1 1 1 1 1 1 1 1 1 1 1 1 1 1 1 2 1 1 1 1 1 1 1 1 1 1 1 1 2 2 2 1 1
  1 1 1 1 1 1 1 1 1 1 1 0 0 0 0]
 [0 0 0 1 1 1 1 1 1 1 1 1 1 1 1 1 1 1 2 1 1 1 1 1 1 1 1 1 1 1 1 1 2 2 1 1
  1 1 1 1 1 1 1 1 1 1 1 1 0 0 0]
 [0 0 1 1 1 1 1 1 1 1 1 1 1 1 1 1 1 1 1 1 1 1 1 1 1 1 1 1 1 1 1 1 2 2 1 1
  1 1 1 1 1 1 1 1 1 1 1 1 0 0 0]
 [0 0 1 1 1 1 1 1 1 1 1 1 1 1 1 1 1 1 1 1 1 1 1 1 1 1 1 1 1 1 1 1 1 2 1 1
  1 1 1 1 1 1 1 1 1 1 1 1 1 0 0]
 [0 0 1 1 1 1 1 1 1 1 1 1 1 1 1 1 1 1 1 1 1 1 1 1 1 1 1 1 1 1 1 1 1 2 1 1
  1 1 1 1 1 1 1 1 1 1 1 1 1 0 0]
 [0 0 1 1 1 1 1 1 1 1 1 1 1 1 1 1 1 1 1 1 1 1 1 1 1 1 1 1 1 1 1 1 1 1 1 1
  1 1 1 1 1 1 1 1 1 1 1 1 1 1 0]
 [0 0 1 1 1 1 1 1 1 1 1 1 1 1 1 1 1 1 1 1 1 1 1 1 1 1 1 1 1 1 1 1 1 1 1 1
  1 1 1 1 1 1 1 1 1 1 1 1 1 1 0]
 [0 0 1 1 1 1 1 1 1 1 1 1 1 1 1 1 1 1 1 1 1 1 1 1 1 1 1 1 1 1 1 1 1 1 1 1
  1 1 1 1 1 1 1 1 1 1 1 1 1 1 0]
 [0 0 1 1 1 1 1 1 1 1 1 1 1 1 1 1 1 1 1 1 1 1 1 1 1 1 1 1 1 1 1 1 1 1 1 1
  1 1 1 1 1 1 1 1 1 1 1 1 1 1 0]
 [0 0 1 1 1 1 1 1 1 1 1 1 1 1 1 1 1 1 1 1 1 1 1 1 1 1 1 1 1 1 1 1 1 1 1 1
  1 1 1 1 1 1 1 1 1 1 1 1 1 1 0]
 [0 0 1 1 1 1 1 1 1 1 1 1 1 1 1 1 1 1 1 1 1 1 1 1 1 1 1 1 1 1 1 1 1 1 1 1
  1 1 1 1 1 1 1 1 1 1 1 1 1 1 0]
 [0 0 1 1 1 1 1 1 1 1 1 1 1 1 1 1 1 2 1 1 1 1 1 1 1 1 1 1 1 1 1 1 1 1 1 1
  1 1 1 1 1 1 1 1 1 1 1 1 1 0 0]
 [0 1 1 1 1 1 1 1 1 1 1 1 1 1 1 1 1 1 1 1 1 1 1 1 1 1 1 1 1 1 1 1 1 1 1 1
  1 1 1 1 1 1 1 1 1 1 1 1 1 0 0]
 [0 1 2 2 2 2 2 2 2 2 2 2 2 2 2 2 2 1 1 1 1 1 1 1 1 1 1 1 1 1 1 1 1 1 1 1
  1 1 1 1 1 1 1 1 1 1 1 1 1 1 0]
 [0 0 1 1 1 1 1 1 1 1 1 1 1 1 1 1 1 1 1 1 1 1 1 1 1 1 1 1 1 1 1 1 1 1 1 1
  1 1 1 1 1 1 1 1 1 1 1 1 1 1 0]
 [0 1 1 1 1 1 1 1 1 1 1 1 1 1 1 1 1 1 1 1 1 1 1 1 1 1 1 1 1 1 1 1 1 1 1 1
  1 1 1 1 1 1 1 1 1 1 1 1 1 0 0]
 [0 1 1 1 1 1 1 1 1 1 1 1 1 1 1 1 1 1 1 1 1 1 1 1 1 1 1 1 1 1 1 1 1 1 1 1
  1 1 1 1 1 1 1 1 1 1 1 1 1 0 0]
 [0 0 1 1 1 1 1 1 1 1 1 1 1 1 1 1 1 2 1 1 1 1 1 1 1 1 1 1 1 1 1 1 1 1 1 1
  1 1 1 1 1 1 1 1 1 1 1 1 1 0 0]
 [0 0 1 1 1 1 1 1 1 1 1 1 1 1 1 1 1 2 1 1 1 1 1 1 1 1 1 1 1 1 1 1 1 1 1 1
  1 1 1 1 1 1 1 1 1 1 1 1 1 0 0]
 [0 0 1 1 1 1 1 1 1 1 1 1 1 1 1 1 1 1 1 1 1 1 1 1 1 1 1 1 1 1 1 1 1 2 1 1
  1 1 1 1 1 1 1 1 1 1 1 1 1 0 0]
 [0 0 1 1 1 1 1 1 1 1 1 1 1 1 1 1 1 1 1 1 1 1 1 1 1 1 1 1 1 1 1 1 1 2 1 1
  1 1 1 1 1 1 1 1 1 1 1 1 1 0 0]
 [0 0 0 1 1 1 1 1 1 1 1 1 1 1 1 1 2 2 2 1 1 1 1 1 1 1 1 1 1 1 1 1 1 1 1 1
  1 1 1 1 1 1 1 1 1 1 1 1 0 0 0]
 [0 0 0 1 1 1 1 1 1 1 1 1 1 1 1 1 2 2 2 1 1 1 1 1 1 1 1 1 1 1 1 1 1 1 1 1
  1 1 1 1 1 1 1 1 1 1 1 1 0 0 0]
 [0 0 0 0 1 1 1 1 1 1 1 1 1 1 1 1 1 1 1 1 1 1 1 1 1 1 1 1 1 1 1 2 2 2 2 2
  1 1 1 1 1 1 1 1 1 1 1 0 0 0 0]
 [0 0 0 0 1 1 1 1 1 1 1 1 1 1 1 1 1 1 1 1 1 1 1 1 1 1 1 1 1 1 1 2 2 2 2 2
  1 1 1 1 1 1 1 1 1 1 1 0 0 0 0]
 [0 0 0 0 0 0 1 1 1 1 1 1 1 1 1 1 1 2 2 2 2 2 1 1 1 1 1 1 1 2 2 2 2 1 1 1
  1 1 1 1 1 1 1 1 1 0 0 0 0 0 0]
 [0 0 0 0 0 0 1 1 1 1 1 1 1 1 1 1 1 2 2 2 2 2 1 1 1 1 1 1 1 2 2 2 2 1 1 1
  1 1 1 1 1 1 1 1 1 0 0 0 0 0 0]
 [0 0 0 0 0 0 0 1 1 1 1 1 1 1 1 1 1 1 1 1 1 1 1 1 1 1 1 1 2 2 2 2 2 2 2 2
  2 2 2 1 1 1 1 1 0 0 0 0 0 0 0]
 [0 0 0 0 0 0 0 1 1 1 1 1 1 1 1 1 1 1 1 1 1 1 1 1 1 1 1 1 2 2 2 2 2 2 2 2
  2 2 2 1 1 1 1 1 0 0 0 0 0 0 0]
 [0 0 0 0 0 0 0 0 0 1 1 1 1 1 1 1 1 1 1 1 1 1 1 1 1 1 1 1 1 1 1 1 1 1 1 1
  1 1 1 1 1 0 0 0 0 0 0 0 0 0 0]
 [0 0 0 0 0 0 0 0 0 1 1 1 1 1 1 1 1 1 1 1 1 1 1 1 1 1 1 1 1 1 1 1 1 1 1 1
  1 1 1 1 1 0 0 0 0 0 0 0 0 0 0]
 [0 0 0 0 0 0 0 0 0 0 0 0 1 1 1 1 1 1 1 1 1 1 1 2 2 2 2 2 1 1 1 1 1 1 1 1
  1 1 1 0 0 0 0 0 0 0 0 0 0 0 0]
 [0 0 0 0 0 0 0 0 0 0 0 0 1 1 1 1 1 1 1 1 1 1 1 2 2 2 2 2 1 1 1 1 1 1 1 1
  1 1 1 0 0 0 0 0 0 0 0 0 0 0 0]
 [0 0 0 0 0 0 0 0 0 0 0 0 0 0 0 0 0 0 0 1 1 1 1 1 1 1 1 1 1 1 1 1 1 1 1 0
  0 0 0 0 0 0 0 0 0 0 0 0 0 0 0]
 [0 0 0 0 0 0 0 0 0 0 0 0 0 0 0 0 0 0 0 1 1 1 1 1 1 1 1 1 1 1 1 1 1 1 1 0
  0 0 0 0 0 0 0 0 0 0 0 0 0 0 0]
 [0 0 0 0 0 0 0 0 0 0 0 0 0 0 0 0 0 0 0 0 0 0 0 0 0 0 0 0 0 0 0 0 0 0 0 0
  0 0 0 0 0 0 0 0 0 0 0 0 0 0 0]
 [0 0 0 0 0 0 0 0 0 0 0 0 0 0 0 0 0 0 0 0 0 0 0 0 0 0 0 0 0 0 0 0 0 0 0 0
  0 0 0 0 0 0 0 0 0 0 0 0 0 0 0]]
