Best objective value: [1810.], 
Calculation time: 656.1685802936554, 
Generations: 51, 
Best solution: [(2, 19), (4, 12), (4, 23), (6, 9), (6, 25), (8, 7), (8, 23), (8, 28), (10, 6), (10, 18), (10, 29), (12, 4), (12, 20), (12, 31), (14, 3), (14, 16), (14, 32), (16, 2), (16, 17), (16, 33), (18, 2), (18, 18), (18, 33), (20, 1), (20, 17), (20, 33), (22, 2), (22, 18), (22, 34), (24, 2), (24, 18), (24, 34), (26, 1), (26, 17), (26, 33), (28, 1), (28, 17), (28, 33), (30, 1), (30, 17), (30, 33), (32, 2), (32, 18), (32, 33), (33, 2), (34, 17), (34, 32), (35, 3), (36, 15), (36, 31), (37, 4), (37, 20), (38, 30), (39, 6), (39, 21), (40, 29), (41, 9), (41, 25), (43, 10), (43, 26), (45, 12), (45, 23), (47, 19)], 
Touchdown map: [[0 0 0 ... 0 0 0]
 [0 0 0 ... 0 0 0]
 [0 0 0 ... 0 0 0]
 ...
 [0 0 0 ... 0 0 0]
 [0 0 0 ... 0 0 0]
 [0 0 0 ... 0 0 0]]
