Best objective value: [1737.], 
Calculation time: 179.66185235977173, 
Generations: 210, 
Best solution: [(2, 31), (3, 16), (3, 19), (3, 22), (3, 25), (3, 28), (3, 33), (4, 12), (4, 15), (4, 30), (5, 18), (5, 21), (5, 24), (5, 27), (5, 33), (5, 36), (6, 9), (6, 12), (6, 15), (6, 30), (6, 39), (7, 18), (7, 21), (7, 24), (7, 27), (7, 33), (7, 36), (8, 10), (8, 13), (8, 16), (8, 30), (8, 39), (9, 7), (9, 19), (9, 22), (9, 24), (9, 27), (9, 33), (9, 36), (10, 10), (10, 13), (10, 16), (10, 30), (10, 39), (10, 42), (11, 7), (11, 19), (11, 22), (11, 25), (11, 28), (11, 33), (11, 36), (12, 10), (12, 13), (12, 16), (12, 30), (12, 39), (12, 42), (13, 6), (13, 9), (13, 18), (13, 21), (13, 24), (13, 27), (13, 33), (13, 36), (14, 3), (14, 12), (14, 15), (14, 29), (14, 32), (14, 38), (14, 41), (14, 44), (15, 3), (15, 6), (15, 9), (15, 17), (15, 20), (15, 23), (15, 26), (15, 29), (15, 35), (15, 45), (16, 11), (16, 14), (16, 31), (16, 33), (16, 36), (16, 39), (16, 42), (17, 2), (17, 5), (17, 8), (17, 17), (17, 20), (17, 23), (17, 26), (17, 28), (17, 45), (18, 11), (18, 14), (18, 31), (18, 34), (18, 37), (18, 40), (18, 43), (19, 2), (19, 5), (19, 8), (19, 17), (19, 20), (19, 23), (19, 26), (19, 29), (19, 40), (19, 46), (20, 11), (20, 14), (20, 31), (20, 34), (20, 37), (20, 43), (21, 2), (21, 5), (21, 8), (21, 17), (21, 20), (21, 23), (21, 26), (21, 29), (21, 40), (21, 43), (21, 46), (22, 10), (22, 13), (22, 16), (22, 32), (22, 34), (22, 37), (23, 1), (23, 4), (23, 7), (23, 18), (23, 21), (23, 24), (23, 27), (23, 30), (23, 39), (23, 42), (23, 45), (24, 6), (24, 9), (24, 12), (24, 15), (24, 33), (24, 36), (25, 3), (25, 18), (25, 21), (25, 24), (25, 27), (25, 30), (25, 39), (25, 42), (25, 45), (26, 5), (26, 8), (26, 11), (26, 14), (26, 17), (26, 33), (26, 36), (27, 2), (27, 20), (27, 23), (27, 26), (27, 29), (27, 32), (27, 39), (27, 42), (27, 45), (28, 5), (28, 8), (28, 11), (28, 14), (28, 17), (28, 33), (28, 36), (29, 2), (29, 20), (29, 23), (29, 25), (29, 28), (29, 30), (29, 38), (29, 41), (29, 44), (29, 47), (30, 5), (30, 8), (30, 11), (30, 14), (30, 17), (30, 32), (30, 35), (30, 47), (31, 2), (31, 20), (31, 23), (31, 26), (31, 29), (31, 38), (31, 41), (31, 44), (32, 3), (32, 6), (32, 9), (32, 12), (32, 15), (32, 18), (32, 21), (32, 32), (32, 35), (33, 24), (33, 27), (33, 30), (33, 38), (33, 41), (33, 44), (34, 4), (34, 7), (34, 10), (34, 13), (34, 16), (34, 19), (34, 22), (34, 32), (34, 35), (35, 25), (35, 28), (35, 29), (35, 38), (35, 41), (35, 44), (36, 5), (36, 8), (36, 11), (36, 14), (36, 17), (36, 20), (36, 23), (36, 32), (36, 35), (37, 26), (37, 29), (37, 38), (37, 41), (37, 44), (38, 6), (38, 9), (38, 12), (38, 15), (38, 18), (38, 21), (38, 24), (38, 30), (38, 33), (38, 36), (39, 27), (39, 39), (39, 42), (40, 6), (40, 9), (40, 12), (40, 15), (40, 18), (40, 21), (40, 24), (40, 30), (40, 33), (40, 36), (41, 27), (41, 39), (42, 10), (42, 13), (42, 16), (42, 19), (42, 22), (42, 25), (42, 30), (42, 33), (42, 36), (43, 27), (43, 39), (44, 12), (44, 15), (44, 18), (44, 21), (44, 24), (44, 30), (44, 33), (44, 36), (45, 25), (45, 28), (46, 16), (46, 19), (46, 22), (46, 31), (46, 34), (47, 25), (47, 28)], 
Touchdown map: [[0 0 0 ... 0 0 0]
 [0 0 0 ... 0 0 0]
 [0 0 0 ... 0 0 0]
 ...
 [0 0 0 ... 0 0 0]
 [0 0 0 ... 0 0 0]
 [0 0 0 ... 0 0 0]]
