Best objective value: [1768.], 
Calculation time: 414.50191020965576, 
Generations: 153, 
Best solution: [(2, 19), (2, 27), (4, 13), (4, 21), (4, 29), (6, 10), (6, 18), (6, 26), (6, 34), (8, 7), (8, 15), (8, 22), (8, 30), (8, 36), (10, 6), (10, 13), (10, 21), (10, 29), (10, 37), (12, 6), (12, 14), (12, 22), (12, 30), (12, 38), (14, 3), (14, 11), (14, 19), (14, 26), (14, 33), (14, 40), (16, 2), (16, 10), (16, 17), (16, 25), (16, 33), (16, 41), (18, 2), (18, 10), (18, 18), (18, 26), (18, 33), (18, 41), (19, 19), (20, 3), (20, 11), (20, 27), (20, 34), (20, 42), (21, 19), (22, 3), (22, 11), (22, 27), (22, 34), (22, 42), (23, 18), (23, 26), (24, 2), (24, 10), (24, 34), (24, 42), (25, 18), (25, 26), (26, 2), (26, 10), (26, 34), (26, 42), (27, 16), (27, 20), (27, 28), (28, 1), (28, 8), (28, 35), (28, 42), (29, 12), (29, 20), (29, 28), (30, 1), (30, 9), (30, 35), (30, 42), (31, 11), (31, 19), (31, 27), (32, 3), (32, 33), (32, 41), (33, 2), (33, 10), (33, 18), (33, 26), (34, 33), (34, 40), (35, 3), (35, 11), (35, 19), (35, 25), (36, 33), (36, 39), (37, 4), (37, 10), (37, 18), (37, 26), (38, 30), (38, 38), (39, 6), (39, 14), (39, 22), (40, 29), (40, 37), (41, 7), (41, 14), (41, 21), (42, 26), (42, 34), (43, 10), (43, 18), (44, 26), (44, 32), (45, 12), (45, 20), (46, 27), (47, 19)], 
Touchdown map: [[0 0 0 ... 0 0 0]
 [0 0 0 ... 0 0 0]
 [0 0 0 ... 0 0 0]
 ...
 [0 0 0 ... 0 0 0]
 [0 0 0 ... 0 0 0]
 [0 0 0 ... 0 0 0]]
