Best objective value: 1933.0, 
Median objective value: 1933.0, 
All objective values: [1933.0], 
Calculation times: [65.62280297279358], 
Generations: [12], 
Best results: [[2103.0, 2103.0, 2086.0, 2066.0, 2052.0, 2028.0, 2010.0, 2001.0, 1995.0, 1980.0, 1970.0, 1933.0]], 
Best solution: [(1, 20), (1, 29), (2, 28), (3, 17), (3, 21), (3, 24), (3, 27), (3, 34), (4, 14), (4, 18), (4, 31), (5, 30), (5, 37), (6, 12), (6, 15), (6, 20), (6, 23), (6, 26), (6, 28), (6, 34), (7, 11), (7, 17), (7, 31), (8, 8), (8, 37), (8, 40), (9, 14), (9, 20), (9, 23), (9, 24), (9, 27), (9, 30), (9, 32), (9, 35), (10, 11), (10, 17), (10, 41), (11, 5), (11, 8), (11, 11), (11, 26), (11, 38), (12, 4), (12, 14), (12, 20), (12, 23), (12, 29), (12, 32), (12, 35), (13, 17), (13, 41), (13, 44), (14, 6), (14, 9), (14, 12), (14, 18), (14, 24), (14, 27), (14, 38), (15, 3), (15, 15), (15, 21), (15, 29), (15, 32), (15, 35), (16, 30), (16, 38), (16, 41), (16, 44), (17, 6), (17, 9), (17, 12), (17, 18), (17, 24), (17, 27), (17, 44), (18, 3), (18, 15), (18, 21), (18, 33), (18, 36), (19, 7), (19, 24), (19, 27), (19, 30), (19, 38), (19, 41), (19, 47), (20, 3), (20, 6), (20, 10), (20, 12), (20, 15), (20, 18), (20, 21), (20, 32), (20, 35), (20, 44), (20, 45), (21, 42), (22, 9), (22, 24), (22, 27), (22, 30), (22, 38), (22, 39), (23, 3), (23, 6), (23, 12), (23, 15), (23, 18), (23, 21), (23, 33), (23, 36), (23, 45), (24, 42), (25, 9), (25, 12), (25, 23), (25, 26), (25, 29), (25, 32), (25, 35), (25, 39), (26, 2), (26, 5), (26, 8), (26, 15), (26, 18), (26, 21), (26, 36), (26, 44), (26, 47), (27, 24), (27, 27), (27, 41), (28, 10), (28, 13), (28, 17), (28, 20), (28, 30), (28, 33), (28, 36), (28, 39), (29, 1), (29, 4), (29, 7), (29, 14), (29, 23), (29, 35), (29, 42), (29, 45), (30, 26), (30, 29), (31, 8), (31, 11), (31, 17), (31, 20), (31, 32), (31, 37), (31, 40), (31, 43), (32, 2), (32, 5), (32, 11), (32, 14), (32, 23), (32, 35), (32, 41), (32, 46), (33, 23), (33, 26), (33, 29), (34, 8), (34, 17), (34, 20), (34, 32), (34, 38), (34, 44), (35, 5), (35, 10), (35, 12), (35, 15), (35, 35), (35, 41), (36, 23), (36, 24), (36, 27), (36, 29), (36, 44), (37, 7), (37, 18), (37, 21), (37, 32), (37, 35), (37, 38), (38, 10), (38, 13), (38, 15), (38, 41), (39, 24), (39, 27), (39, 30), (39, 33), (40, 8), (40, 18), (40, 21), (40, 36), (40, 39), (41, 9), (41, 12), (41, 15), (42, 20), (42, 24), (42, 27), (42, 30), (42, 33), (42, 39), (43, 11), (43, 17), (43, 23), (43, 36), (44, 14), (45, 20), (45, 26), (45, 29), (45, 32), (45, 34), (46, 17), (46, 23)], 
Best solution touchdown count: [[0 0 0 0 0 0 0 0 0 0 0 0 0 0 0 0 0 0 0 0 0 0 0 0 0 0 0 0 0 0 0 0 0 0 0 0
  0 0 0 0 0 0 0 0 0 0 0 0 0 0 0]
 [0 0 0 0 0 0 0 0 0 0 0 0 0 0 0 0 0 0 0 0 1 1 1 0 0 0 0 0 0 1 1 1 0 0 0 0
  0 0 0 0 0 0 0 0 0 0 0 0 0 0 0]
 [0 0 0 0 0 0 0 0 0 0 0 0 0 0 0 0 0 0 0 0 1 1 1 0 0 0 0 0 1 2 2 1 0 0 0 0
  0 0 0 0 0 0 0 0 0 0 0 0 0 0 0]
 [0 0 0 0 0 0 0 0 0 0 0 0 0 0 0 0 0 1 1 1 1 2 2 1 1 1 1 1 2 3 2 1 0 0 1 1
  1 0 0 0 0 0 0 0 0 0 0 0 0 0 0]
 [0 0 0 0 0 0 0 0 0 0 0 0 0 0 1 1 1 1 2 2 1 1 1 1 1 1 1 1 2 2 1 1 1 1 1 1
  1 0 0 0 0 0 0 0 0 0 0 0 0 0 0]
 [0 0 0 0 0 0 0 0 0 0 0 0 0 0 1 1 1 1 2 2 1 1 1 1 1 1 1 1 1 1 1 2 2 1 1 1
  1 1 1 1 0 0 0 0 0 0 0 0 0 0 0]
 [0 0 0 0 0 0 0 0 0 0 0 0 1 1 2 2 2 1 1 1 2 1 1 1 1 1 1 1 2 1 2 2 2 1 1 1
  1 1 1 1 0 0 0 0 0 0 0 0 0 0 0]
 [0 0 0 0 0 0 0 0 0 0 0 1 2 2 1 1 1 2 1 1 1 1 1 1 1 1 1 1 2 1 2 2 2 1 1 1
  1 1 1 1 0 0 0 0 0 0 0 0 0 0 0]
 [0 0 0 0 0 0 0 0 1 1 1 1 2 2 1 1 1 2 1 1 1 1 1 1 1 1 1 1 2 1 1 1 1 1 1 1
  1 1 1 1 1 1 1 0 0 0 0 0 0 0 0]
 [0 0 0 0 0 0 0 0 1 1 1 1 1 1 1 1 1 1 1 1 1 1 1 1 2 2 1 1 1 1 1 2 3 2 1 1
  1 2 1 1 1 1 1 0 0 0 0 0 0 0 0]
 [0 0 0 0 0 0 0 0 1 1 1 1 1 1 1 1 1 1 1 1 1 1 1 1 2 2 1 1 1 1 1 1 2 1 1 1
  1 2 1 1 1 2 2 1 0 0 0 0 0 0 0]
 [0 0 0 0 0 1 1 1 1 1 1 2 2 2 1 1 1 1 1 1 1 1 1 1 2 2 2 2 2 1 1 1 2 1 1 1
  1 1 1 1 1 1 1 1 0 0 0 0 0 0 0]
 [0 0 0 0 1 2 2 1 1 1 1 2 2 2 1 1 1 1 1 1 1 1 1 1 1 1 1 1 1 1 1 1 1 1 1 1
  1 1 1 1 1 1 1 1 0 0 0 0 0 0 0]
 [0 0 0 0 1 2 2 1 1 1 1 1 1 1 1 1 1 1 1 1 1 1 1 1 1 1 1 1 1 1 1 1 1 1 1 1
  1 1 1 1 1 1 1 1 1 1 1 0 0 0 0]
 [0 0 0 0 1 1 2 1 1 1 1 1 1 1 2 1 1 1 2 2 2 1 1 1 2 2 1 1 1 2 1 1 1 1 1 1
  1 1 1 1 1 1 1 1 1 1 1 0 0 0 0]
 [0 0 0 1 1 1 1 1 1 1 1 1 1 1 1 1 1 2 2 2 1 1 1 1 1 1 1 1 1 2 1 1 1 1 1 1
  1 1 1 1 1 1 1 1 1 1 1 0 0 0 0]
 [0 0 0 1 1 1 1 1 1 1 1 1 1 1 1 1 1 1 1 1 1 1 1 1 1 1 1 1 1 2 2 2 2 1 1 1
  1 1 2 2 2 1 1 1 1 1 1 0 0 0 0]
 [0 0 0 1 1 1 1 1 1 1 1 1 1 1 1 1 1 1 1 1 1 1 1 1 1 1 1 1 1 2 2 2 2 1 1 1
  1 1 1 1 1 1 1 1 2 2 2 0 0 0 0]
 [0 0 0 1 1 1 1 1 1 1 1 1 1 1 1 1 1 1 1 1 1 1 1 1 1 1 1 1 1 1 1 1 1 1 1 1
  1 1 2 1 1 1 1 1 2 2 2 0 0 0 0]
 [0 0 0 1 1 1 1 2 2 2 1 1 1 1 1 1 1 1 1 1 1 1 1 1 2 2 2 2 2 2 1 1 1 1 1 1
  1 1 2 1 1 1 1 1 1 1 1 1 1 1 0]
 [0 0 0 2 2 2 1 2 2 1 1 1 2 1 1 2 2 2 1 1 1 2 2 2 1 1 1 1 1 1 1 1 2 2 2 2
  2 2 2 1 1 1 1 1 1 2 2 2 1 1 0]
 [0 0 0 1 1 1 1 2 2 1 1 1 2 1 1 1 1 1 1 1 1 1 1 1 1 1 1 1 1 1 1 1 2 1 1 1
  1 1 1 1 1 1 2 2 2 2 2 2 1 1 0]
 [0 0 0 1 1 1 1 1 1 1 2 2 2 1 1 1 1 1 1 1 1 1 1 1 1 1 1 1 1 1 1 1 2 1 1 1
  1 1 1 2 2 1 1 1 2 2 2 1 0 0 0]
 [0 0 0 1 1 1 1 1 1 1 1 1 1 1 1 1 1 1 1 1 1 1 1 1 1 1 1 1 1 1 1 1 1 1 1 1
  1 1 2 2 2 1 1 1 1 1 1 1 0 0 0]
 [0 0 0 1 1 1 1 1 1 1 1 1 1 1 1 1 1 1 1 1 1 1 1 1 1 1 1 1 1 1 1 1 1 1 1 1
  1 1 2 2 2 1 1 1 1 1 1 1 0 0 0]
 [0 0 0 1 1 1 1 1 1 1 1 1 2 2 2 1 1 1 1 1 1 1 1 2 1 1 1 1 1 1 1 1 1 2 2 2
  2 2 1 1 1 1 1 1 1 1 1 1 0 0 0]
 [0 0 1 1 1 1 1 1 1 2 2 1 1 1 1 1 1 1 1 1 1 1 1 2 1 1 1 1 1 1 1 1 1 1 1 1
  2 2 1 1 1 1 1 1 2 1 1 1 1 1 0]
 [0 0 1 1 1 1 1 1 1 2 2 1 1 1 1 1 1 1 1 1 1 1 1 2 2 2 2 2 2 2 1 1 1 1 1 1
  2 2 1 1 1 2 1 1 1 1 1 1 1 1 0]
 [0 0 1 1 1 1 1 1 1 1 2 1 1 1 1 2 1 2 2 2 2 2 2 1 1 1 1 1 1 1 1 1 1 1 1 1
  2 2 2 1 1 2 1 1 1 1 1 1 1 1 0]
 [0 1 1 1 1 1 1 1 1 1 1 1 1 1 2 2 1 1 1 1 1 1 1 1 2 2 1 1 1 1 1 1 1 1 1 2
  2 2 1 1 1 2 2 2 1 1 1 1 0 0 0]
 [0 1 1 1 1 1 1 1 1 1 1 1 1 1 2 2 1 1 1 1 1 1 1 1 1 1 1 1 1 1 2 2 1 1 1 2
  2 2 1 1 1 1 1 1 1 1 1 1 0 0 0]
 [0 1 1 1 1 1 1 1 2 2 1 1 1 1 1 1 1 1 1 1 1 1 1 1 1 1 1 1 1 1 1 1 1 1 1 1
  1 2 1 1 1 1 2 2 2 2 1 1 0 0 0]
 [0 0 1 1 1 1 1 1 1 1 1 2 2 2 1 1 1 1 1 1 1 1 1 1 1 1 1 1 1 1 1 1 1 1 1 1
  1 2 1 1 1 2 2 2 1 1 1 1 1 0 0]
 [0 0 1 1 1 1 1 1 1 1 1 2 2 2 1 1 1 1 1 1 1 1 1 2 2 2 1 1 1 1 1 1 1 1 1 1
  1 2 1 1 1 2 2 2 1 1 1 1 1 0 0]
 [0 0 1 1 1 1 1 1 1 1 1 1 1 1 1 1 1 1 1 1 1 1 1 2 2 2 1 1 1 1 1 1 1 1 1 1
  1 1 1 1 1 1 1 1 1 1 2 1 1 0 0]
 [0 0 0 0 0 1 1 1 1 1 2 1 2 1 1 1 1 2 1 1 1 1 1 1 1 1 1 1 1 1 1 1 1 1 1 1
  1 1 1 1 1 1 1 1 1 1 1 0 0 0 0]
 [0 0 0 0 0 1 1 1 1 1 2 1 2 1 1 1 1 2 1 1 1 1 1 1 2 2 1 1 1 2 1 1 1 1 1 1
  1 1 1 1 1 1 1 1 2 2 2 0 0 0 0]
 [0 0 0 0 0 1 1 2 1 1 1 1 2 1 1 1 1 1 1 1 1 1 1 2 2 2 1 1 1 2 1 1 1 1 1 2
  2 2 1 1 1 1 1 1 1 1 1 0 0 0 0]
 [0 0 0 0 0 0 0 1 1 1 1 1 1 1 1 2 1 1 1 1 1 1 1 2 2 2 1 1 1 2 1 1 1 1 1 1
  1 1 1 1 1 1 1 1 1 1 1 0 0 0 0]
 [0 0 0 0 0 0 0 1 1 1 1 1 1 1 1 2 1 1 1 1 1 1 1 1 1 1 1 1 1 1 1 1 2 2 2 2
  1 1 1 1 1 1 1 1 0 0 0 0 0 0 0]
 [0 0 0 0 0 0 0 0 1 1 2 1 1 1 1 2 1 1 1 1 1 1 1 1 1 1 1 1 1 1 1 1 1 1 1 1
  1 1 1 1 1 2 1 1 0 0 0 0 0 0 0]
 [0 0 0 0 0 0 0 0 1 2 2 1 1 1 1 1 1 1 1 1 1 1 1 1 1 1 1 1 1 1 1 1 1 1 1 1
  1 1 1 1 1 1 0 0 0 0 0 0 0 0 0]
 [0 0 0 0 0 0 0 0 1 2 2 1 1 1 1 1 1 1 1 1 2 2 2 1 1 1 1 1 1 1 1 1 1 1 1 1
  1 1 1 2 2 2 0 0 0 0 0 0 0 0 0]
 [0 0 0 0 0 0 0 0 0 1 1 2 2 2 1 1 1 2 1 1 1 1 1 1 2 2 1 1 1 1 1 1 1 1 1 1
  1 1 1 1 1 1 0 0 0 0 0 0 0 0 0]
 [0 0 0 0 0 0 0 0 0 0 0 1 1 1 1 1 1 1 1 1 1 1 1 1 2 2 1 1 1 1 1 1 1 1 1 1
  1 1 1 1 1 1 0 0 0 0 0 0 0 0 0]
 [0 0 0 0 0 0 0 0 0 0 0 1 1 1 1 1 1 1 1 1 1 1 1 1 1 1 1 1 1 1 1 1 1 1 2 1
  2 1 1 0 0 0 0 0 0 0 0 0 0 0 0]
 [0 0 0 0 0 0 0 0 0 0 0 0 0 0 1 1 1 1 1 1 1 1 1 1 1 1 1 1 1 1 1 1 1 1 2 1
  1 0 0 0 0 0 0 0 0 0 0 0 0 0 0]
 [0 0 0 0 0 0 0 0 0 0 0 0 0 0 0 0 0 1 1 1 1 1 1 1 1 1 1 1 1 1 1 1 1 1 2 1
  1 0 0 0 0 0 0 0 0 0 0 0 0 0 0]
 [0 0 0 0 0 0 0 0 0 0 0 0 0 0 0 0 0 1 1 1 0 0 0 1 1 1 0 0 0 0 0 0 0 0 0 0
  0 0 0 0 0 0 0 0 0 0 0 0 0 0 0]
 [0 0 0 0 0 0 0 0 0 0 0 0 0 0 0 0 0 0 0 0 0 0 0 0 0 0 0 0 0 0 0 0 0 0 0 0
  0 0 0 0 0 0 0 0 0 0 0 0 0 0 0]
 [0 0 0 0 0 0 0 0 0 0 0 0 0 0 0 0 0 0 0 0 0 0 0 0 0 0 0 0 0 0 0 0 0 0 0 0
  0 0 0 0 0 0 0 0 0 0 0 0 0 0 0]]
