Best objective value: [1827.], 
Calculation time: 603.2696545124054, 
Generations: 154, 
Best solution: [(1, 21), (1, 25), (1, 28), (2, 17), (2, 31), (4, 13), (5, 21), (5, 25), (5, 29), (5, 33), (6, 17), (6, 37), (7, 9), (7, 13), (8, 25), (9, 6), (9, 21), (9, 29), (9, 33), (9, 41), (10, 10), (10, 17), (10, 37), (10, 41), (11, 13), (12, 4), (12, 23), (12, 27), (13, 7), (13, 19), (13, 30), (13, 34), (14, 11), (14, 15), (14, 38), (14, 42), (16, 3), (16, 23), (16, 27), (16, 31), (16, 45), (17, 7), (17, 19), (17, 35), (18, 11), (18, 15), (18, 39), (18, 42), (19, 46), (20, 1), (20, 5), (20, 20), (20, 24), (20, 28), (20, 32), (21, 9), (21, 17), (21, 36), (22, 13), (22, 40), (22, 44), (24, 1), (24, 5), (24, 17), (24, 21), (24, 25), (24, 29), (24, 33), (25, 9), (25, 37), (26, 13), (26, 41), (26, 45), (27, 2), (27, 25), (28, 6), (28, 10), (28, 17), (28, 21), (28, 29), (28, 33), (29, 37), (30, 14), (30, 41), (30, 45), (31, 2), (31, 21), (31, 25), (32, 6), (32, 10), (32, 18), (32, 29), (32, 33), (33, 14), (33, 37), (33, 44), (34, 23), (34, 41), (35, 4), (35, 19), (35, 26), (36, 8), (36, 12), (36, 16), (36, 30), (36, 34), (37, 38), (38, 6), (38, 22), (38, 41), (39, 18), (39, 26), (40, 10), (40, 14), (40, 30), (40, 34), (41, 37), (42, 22), (42, 26), (43, 12), (43, 18), (44, 14), (44, 30), (44, 33), (46, 19), (46, 23), (46, 26)], 
Touchdown map: [[0 0 0 ... 0 0 0]
 [0 0 0 ... 0 0 0]
 [0 0 0 ... 0 0 0]
 ...
 [0 0 0 ... 0 0 0]
 [0 0 0 ... 0 0 0]
 [0 0 0 ... 0 0 0]]
