Best objective value: [1779.], 
Calculation time: 354.0041365623474, 
Generations: 265, 
Best solution: [(2, 20), (2, 22), (2, 23), (2, 24), (2, 26), (2, 27), (2, 28), (2, 30), (3, 18), (3, 32), (4, 16), (4, 21), (4, 25), (4, 29), (4, 34), (4, 35), (5, 14), (5, 19), (5, 23), (5, 27), (5, 31), (6, 12), (6, 17), (6, 21), (6, 25), (6, 29), (6, 33), (6, 37), (7, 10), (7, 15), (7, 18), (7, 23), (7, 27), (7, 31), (7, 35), (8, 8), (8, 13), (8, 15), (8, 20), (8, 25), (8, 29), (8, 33), (8, 38), (9, 11), (9, 17), (9, 22), (9, 27), (9, 31), (9, 36), (9, 40), (10, 9), (10, 14), (10, 19), (10, 24), (10, 29), (10, 34), (10, 40), (11, 7), (11, 12), (11, 16), (11, 21), (11, 26), (11, 32), (11, 37), (11, 38), (11, 43), (12, 5), (12, 10), (12, 15), (12, 18), (12, 23), (12, 28), (12, 30), (12, 35), (12, 41), (13, 8), (13, 13), (13, 18), (13, 20), (13, 25), (13, 28), (13, 33), (13, 37), (13, 39), (13, 44), (14, 6), (14, 11), (14, 16), (14, 22), (14, 27), (14, 31), (14, 35), (14, 42), (15, 4), (15, 9), (15, 14), (15, 19), (15, 24), (15, 29), (15, 33), (15, 38), (15, 40), (15, 45), (16, 2), (16, 7), (16, 12), (16, 17), (16, 21), (16, 26), (16, 31), (16, 36), (16, 43), (17, 5), (17, 10), (17, 15), (17, 20), (17, 23), (17, 28), (17, 33), (17, 34), (17, 39), (17, 41), (17, 45), (18, 3), (18, 8), (18, 13), (18, 18), (18, 20), (18, 25), (18, 30), (18, 37), (18, 42), (19, 1), (19, 6), (19, 11), (19, 16), (19, 22), (19, 27), (19, 32), (19, 35), (19, 40), (19, 44), (19, 47), (20, 4), (20, 9), (20, 14), (20, 19), (20, 24), (20, 29), (20, 34), (20, 38), (20, 42), (20, 47), (21, 2), (21, 7), (21, 12), (21, 17), (21, 21), (21, 26), (21, 31), (21, 36), (21, 40), (21, 45), (22, 5), (22, 10), (22, 15), (22, 18), (22, 23), (22, 28), (22, 33), (22, 38), (22, 43), (23, 3), (23, 8), (23, 13), (23, 20), (23, 25), (23, 30), (23, 35), (23, 40), (23, 41), (23, 46), (24, 1), (24, 6), (24, 11), (24, 16), (24, 17), (24, 22), (24, 27), (24, 32), (24, 37), (24, 44), (25, 4), (25, 9), (25, 14), (25, 19), (25, 24), (25, 29), (25, 34), (25, 39), (25, 42), (25, 47), (26, 2), (26, 7), (26, 12), (26, 16), (26, 21), (26, 26), (26, 31), (26, 36), (26, 41), (26, 45), (27, 5), (27, 10), (27, 13), (27, 18), (27, 23), (27, 28), (27, 33), (27, 38), (27, 43), (27, 47), (28, 3), (28, 7), (28, 8), (28, 10), (28, 15), (28, 20), (28, 25), (28, 30), (28, 35), (28, 40), (28, 45), (29, 1), (29, 5), (29, 12), (29, 17), (29, 22), (29, 27), (29, 32), (29, 37), (29, 42), (29, 47), (30, 3), (30, 9), (30, 14), (30, 19), (30, 24), (30, 29), (30, 34), (30, 39), (30, 44), (31, 1), (31, 6), (31, 7), (31, 11), (31, 16), (31, 18), (31, 21), (31, 26), (31, 31), (31, 36), (31, 41), (31, 46), (32, 4), (32, 9), (32, 13), (32, 15), (32, 23), (32, 28), (32, 33), (32, 38), (32, 43), (33, 2), (33, 7), (33, 11), (33, 17), (33, 19), (33, 20), (33, 25), (33, 30), (33, 35), (33, 40), (33, 45), (34, 5), (34, 9), (34, 14), (34, 22), (34, 25), (34, 27), (34, 32), (34, 37), (34, 42), (35, 3), (35, 6), (35, 12), (35, 16), (35, 18), (35, 23), (35, 29), (35, 34), (35, 39), (35, 44), (36, 3), (36, 8), (36, 10), (36, 14), (36, 15), (36, 20), (36, 21), (36, 26), (36, 31), (36, 36), (36, 41), (37, 5), (37, 12), (37, 17), (37, 22), (37, 24), (37, 28), (37, 31), (37, 33), (37, 38), (37, 43), (38, 7), (38, 9), (38, 14), (38, 19), (38, 24), (38, 28), (38, 33), (38, 35), (38, 40), (39, 5), (39, 11), (39, 16), (39, 21), (39, 26), (39, 30), (39, 37), (39, 42), (40, 8), (40, 13), (40, 18), (40, 23), (40, 28), (40, 32), (40, 34), (40, 39), (41, 10), (41, 15), (41, 20), (41, 25), (41, 30), (41, 36), (41, 41), (42, 12), (42, 17), (42, 22), (42, 27), (42, 33), (42, 38), (43, 9), (43, 14), (43, 19), (43, 24), (43, 29), (43, 31), (43, 35), (44, 11), (44, 16), (44, 21), (44, 26), (44, 33), (44, 37), (45, 13), (45, 18), (45, 23), (45, 28), (45, 30), (45, 35), (46, 15), (46, 20), (46, 25), (46, 32), (47, 17), (47, 22), (47, 27), (47, 29), (48, 19), (48, 24)], 
Touchdown map: [[0 0 0 ... 0 0 0]
 [0 0 0 ... 0 0 0]
 [0 0 0 ... 0 0 0]
 ...
 [0 0 0 ... 0 0 0]
 [0 0 0 ... 0 0 0]
 [0 0 0 ... 0 0 0]]
