Best objective value: 652.0, 
Median objective value: 652.0, 
All objective values: [652.0, 656.0, 652.0, 652.0, 652.0], 
Calculation times: [602.7168345451355, 562.1754672527313, 605.653228521347, 614.0466899871826, 606.1989436149597], 
Generations: [31, 39, 35, 36, 42], 
Best solution values: [[679.0, 673.0, 673.0, 667.0, 663.0, 663.0, 660.0, 656.0, 654.0, 652.0, 652.0, 652.0, 652.0, 652.0, 652.0, 652.0, 652.0, 652.0, 652.0, 652.0, 652.0, 652.0, 652.0, 652.0, 652.0, 652.0, 652.0, 652.0, 652.0, 652.0, 652.0], [683.0, 683.0, 676.0, 672.0, 670.0, 668.0, 663.0, 658.0, 656.0, 656.0, 656.0, 656.0, 656.0, 656.0, 656.0, 656.0, 656.0, 656.0, 656.0, 656.0, 656.0, 656.0, 656.0, 656.0, 656.0, 656.0, 656.0, 656.0, 656.0, 656.0, 656.0, 656.0, 656.0, 656.0, 656.0, 656.0, 656.0, 656.0, 656.0], [670.0, 669.0, 669.0, 667.0, 659.0, 659.0, 659.0, 656.0, 655.0, 652.0, 652.0, 652.0, 652.0, 652.0, 652.0, 652.0, 652.0, 652.0, 652.0, 652.0, 652.0, 652.0, 652.0, 652.0, 652.0, 652.0, 652.0, 652.0, 652.0, 652.0, 652.0, 652.0, 652.0, 652.0, 652.0], [684.0, 680.0, 672.0, 669.0, 664.0, 662.0, 658.0, 652.0, 652.0, 652.0, 652.0, 652.0, 652.0, 652.0, 652.0, 652.0, 652.0, 652.0, 652.0, 652.0, 652.0, 652.0, 652.0, 652.0, 652.0, 652.0, 652.0, 652.0, 652.0, 652.0, 652.0, 652.0, 652.0, 652.0, 652.0, 652.0], [679.0, 679.0, 674.0, 670.0, 668.0, 665.0, 661.0, 661.0, 661.0, 659.0, 657.0, 657.0, 656.0, 656.0, 652.0, 652.0, 652.0, 652.0, 652.0, 652.0, 652.0, 652.0, 652.0, 652.0, 652.0, 652.0, 652.0, 652.0, 652.0, 652.0, 652.0, 652.0, 652.0, 652.0, 652.0, 652.0, 652.0, 652.0, 652.0, 652.0, 652.0, 652.0]], 
Best solution: [(3, 8), (4, 10), (5, 4), (6, 11), (7, 3), (8, 13), (9, 2), (10, 14), (11, 1), (12, 14), (13, 1), (14, 14), (15, 1), (16, 14), (17, 1), (18, 14), (19, 1), (20, 13), (21, 2), (22, 12), (23, 4), (24, 11), (25, 5), (26, 8)], 
Best solution touchdown count: [[0 0 0 0 0 0 0 0 0 0 0 0 0 0 0 0 0 0 0 0 0 0 0 0 0 0 0 0 0 0 0]
 [0 0 0 0 0 0 0 0 0 0 0 0 0 0 0 0 0 0 0 0 0 0 0 0 0 0 0 0 0 0 0]
 [0 0 0 0 0 0 0 0 0 0 0 0 0 0 0 0 0 0 0 0 0 0 0 0 0 0 0 0 0 0 0]
 [0 0 0 0 0 0 0 0 1 1 1 1 1 1 1 1 1 1 1 1 1 1 1 1 0 0 0 0 0 0 0]
 [0 0 0 0 0 0 0 0 1 1 2 2 2 2 2 2 2 2 2 2 2 2 2 2 1 1 0 0 0 0 0]
 [0 0 0 0 1 1 1 1 1 1 2 2 2 2 2 2 2 2 2 2 1 1 1 1 1 1 0 0 0 0 0]
 [0 0 0 0 1 1 1 1 1 1 1 2 2 2 2 2 2 2 2 2 1 1 1 1 1 1 1 0 0 0 0]
 [0 0 0 1 1 1 1 1 1 1 1 2 2 2 2 2 2 2 2 1 1 1 1 1 1 1 1 0 0 0 0]
 [0 0 0 1 1 1 1 1 1 1 1 1 1 2 2 2 2 2 2 1 1 1 1 1 1 1 1 1 1 0 0]
 [0 0 1 1 1 1 1 1 1 1 1 1 1 2 2 2 2 2 1 1 1 1 1 1 1 1 1 1 1 0 0]
 [0 0 1 1 1 1 1 1 1 1 1 1 1 1 2 2 2 2 1 1 1 1 1 1 1 1 1 1 1 1 0]
 [0 1 1 1 1 1 1 1 1 1 1 1 1 1 2 2 2 1 1 1 1 1 1 1 1 1 1 1 1 1 0]
 [0 1 1 1 1 1 1 1 1 1 1 1 1 1 2 2 2 1 1 1 1 1 1 1 1 1 1 1 1 1 0]
 [0 1 1 1 1 1 1 1 1 1 1 1 1 1 2 2 2 1 1 1 1 1 1 1 1 1 1 1 1 1 0]
 [0 1 1 1 1 1 1 1 1 1 1 1 1 1 2 2 2 1 1 1 1 1 1 1 1 1 1 1 1 1 0]
 [0 1 1 1 1 1 1 1 1 1 1 1 1 1 2 2 2 1 1 1 1 1 1 1 1 1 1 1 1 1 0]
 [0 1 1 1 1 1 1 1 1 1 1 1 1 1 2 2 2 1 1 1 1 1 1 1 1 1 1 1 1 1 0]
 [0 1 1 1 1 1 1 1 1 1 1 1 1 1 2 2 2 1 1 1 1 1 1 1 1 1 1 1 1 1 0]
 [0 1 1 1 1 1 1 1 1 1 1 1 1 1 2 2 2 1 1 1 1 1 1 1 1 1 1 1 1 1 0]
 [0 1 1 1 1 1 1 1 1 1 1 1 1 1 2 2 2 1 1 1 1 1 1 1 1 1 1 1 1 1 0]
 [0 1 1 1 1 1 1 1 1 1 1 1 1 2 2 2 2 1 1 1 1 1 1 1 1 1 1 1 1 0 0]
 [0 0 1 1 1 1 1 1 1 1 1 1 1 2 2 2 2 2 1 1 1 1 1 1 1 1 1 1 1 0 0]
 [0 0 1 1 1 1 1 1 1 1 1 1 2 2 2 2 2 2 1 1 1 1 1 1 1 1 1 1 0 0 0]
 [0 0 0 0 1 1 1 1 1 1 1 1 2 2 2 2 2 2 2 2 1 1 1 1 1 1 1 1 0 0 0]
 [0 0 0 0 1 1 1 1 1 1 1 2 2 2 2 2 2 2 2 2 1 1 1 1 1 1 1 0 0 0 0]
 [0 0 0 0 0 1 1 1 1 1 1 2 2 2 2 2 2 2 2 2 2 1 1 1 1 1 1 0 0 0 0]
 [0 0 0 0 0 1 1 1 2 2 2 2 2 2 2 2 2 2 2 2 2 1 1 1 0 0 0 0 0 0 0]
 [0 0 0 0 0 0 0 0 1 1 1 1 1 1 1 1 1 1 1 1 1 1 1 1 0 0 0 0 0 0 0]
 [0 0 0 0 0 0 0 0 0 0 0 0 0 0 0 0 0 0 0 0 0 0 0 0 0 0 0 0 0 0 0]
 [0 0 0 0 0 0 0 0 0 0 0 0 0 0 0 0 0 0 0 0 0 0 0 0 0 0 0 0 0 0 0]
 [0 0 0 0 0 0 0 0 0 0 0 0 0 0 0 0 0 0 0 0 0 0 0 0 0 0 0 0 0 0 0]]
