Best objective value: 517.0, 
Median objective value: 518.0, 
All objective values: [518.0, 518.0, 523.0, 527.0, 517.0], 
Calculation times: [369.8101456165314, 358.48781752586365, 606.0793654918671, 249.94219255447388, 485.92487359046936], 
Generations: [71, 71, 106, 60, 98], 
Best solution values: [[608.0, 608.0, 608.0, 606.0, 594.0, 592.0, 588.0, 588.0, 574.0, 574.0, 565.0, 565.0, 560.0, 558.0, 555.0, 552.0, 540.0, 540.0, 539.0, 537.0, 535.0, 534.0, 531.0, 531.0, 530.0, 528.0, 528.0, 527.0, 527.0, 527.0, 525.0, 525.0, 525.0, 525.0, 523.0, 523.0, 523.0, 521.0, 521.0, 520.0, 518.0, 518.0, 518.0, 518.0, 518.0, 518.0, 518.0, 518.0, 518.0, 518.0, 518.0, 518.0, 518.0, 518.0, 518.0, 518.0, 518.0, 518.0, 518.0, 518.0, 518.0, 518.0, 518.0, 518.0, 518.0, 518.0, 518.0, 518.0, 518.0, 518.0, 518.0], [604.0, 604.0, 604.0, 594.0, 594.0, 593.0, 587.0, 581.0, 577.0, 574.0, 569.0, 565.0, 563.0, 560.0, 556.0, 554.0, 550.0, 545.0, 543.0, 543.0, 540.0, 540.0, 538.0, 537.0, 536.0, 534.0, 533.0, 533.0, 531.0, 531.0, 528.0, 528.0, 527.0, 524.0, 522.0, 522.0, 522.0, 522.0, 520.0, 520.0, 518.0, 518.0, 518.0, 518.0, 518.0, 518.0, 518.0, 518.0, 518.0, 518.0, 518.0, 518.0, 518.0, 518.0, 518.0, 518.0, 518.0, 518.0, 518.0, 518.0, 518.0, 518.0, 518.0, 518.0, 518.0, 518.0, 518.0, 518.0, 518.0, 518.0, 518.0], [612.0, 612.0, 612.0, 612.0, 606.0, 606.0, 600.0, 600.0, 596.0, 595.0, 594.0, 588.0, 583.0, 579.0, 577.0, 573.0, 573.0, 573.0, 567.0, 565.0, 562.0, 559.0, 556.0, 554.0, 551.0, 547.0, 543.0, 542.0, 540.0, 537.0, 537.0, 534.0, 533.0, 533.0, 532.0, 532.0, 531.0, 530.0, 528.0, 528.0, 528.0, 528.0, 528.0, 528.0, 528.0, 528.0, 528.0, 528.0, 528.0, 528.0, 528.0, 526.0, 525.0, 525.0, 525.0, 525.0, 525.0, 525.0, 525.0, 525.0, 525.0, 525.0, 525.0, 525.0, 525.0, 525.0, 525.0, 525.0, 525.0, 525.0, 525.0, 524.0, 524.0, 524.0, 524.0, 524.0, 523.0, 523.0, 523.0, 523.0, 523.0, 523.0, 523.0, 523.0, 523.0, 523.0, 523.0, 523.0, 523.0, 523.0, 523.0, 523.0, 523.0, 523.0, 523.0, 523.0, 523.0, 523.0, 523.0, 523.0, 523.0, 523.0, 523.0, 523.0, 523.0, 523.0], [616.0, 606.0, 606.0, 604.0, 597.0, 594.0, 590.0, 583.0, 573.0, 569.0, 569.0, 564.0, 558.0, 551.0, 547.0, 545.0, 544.0, 543.0, 542.0, 542.0, 539.0, 536.0, 535.0, 535.0, 535.0, 530.0, 529.0, 529.0, 528.0, 527.0, 527.0, 527.0, 527.0, 527.0, 527.0, 527.0, 527.0, 527.0, 527.0, 527.0, 527.0, 527.0, 527.0, 527.0, 527.0, 527.0, 527.0, 527.0, 527.0, 527.0, 527.0, 527.0, 527.0, 527.0, 527.0, 527.0, 527.0, 527.0, 527.0, 527.0], [618.0, 617.0, 599.0, 597.0, 597.0, 597.0, 589.0, 589.0, 587.0, 583.0, 580.0, 579.0, 577.0, 575.0, 567.0, 566.0, 563.0, 562.0, 560.0, 558.0, 558.0, 555.0, 553.0, 551.0, 551.0, 549.0, 547.0, 547.0, 545.0, 545.0, 545.0, 544.0, 544.0, 542.0, 542.0, 542.0, 540.0, 536.0, 536.0, 535.0, 535.0, 529.0, 529.0, 529.0, 526.0, 526.0, 526.0, 526.0, 526.0, 526.0, 526.0, 526.0, 526.0, 526.0, 526.0, 523.0, 523.0, 523.0, 523.0, 523.0, 523.0, 523.0, 523.0, 523.0, 522.0, 520.0, 519.0, 517.0, 517.0, 517.0, 517.0, 517.0, 517.0, 517.0, 517.0, 517.0, 517.0, 517.0, 517.0, 517.0, 517.0, 517.0, 517.0, 517.0, 517.0, 517.0, 517.0, 517.0, 517.0, 517.0, 517.0, 517.0, 517.0, 517.0, 517.0, 517.0, 517.0, 517.0]], 
Best solution: [(2, 11), (2, 14), (2, 17), (4, 5), (4, 8), (4, 11), (4, 14), (4, 17), (4, 20), (4, 23), (6, 5), (6, 8), (6, 11), (6, 14), (6, 17), (6, 20), (6, 23), (8, 2), (8, 5), (8, 8), (8, 11), (8, 14), (8, 17), (8, 20), (8, 23), (8, 26), (10, 1), (10, 4), (10, 7), (10, 10), (10, 13), (10, 16), (10, 19), (10, 22), (10, 25), (12, 2), (12, 5), (12, 8), (12, 11), (12, 14), (12, 17), (12, 20), (12, 23), (12, 26), (14, 2), (14, 5), (14, 8), (14, 11), (14, 14), (14, 17), (14, 20), (14, 23), (14, 26), (16, 1), (16, 4), (16, 7), (16, 10), (16, 13), (16, 16), (16, 19), (16, 22), (16, 25), (18, 3), (18, 6), (18, 9), (18, 12), (18, 15), (18, 18), (18, 21), (18, 24), (18, 27), (20, 4), (20, 7), (20, 10), (20, 13), (20, 16), (20, 19), (20, 22), (20, 25), (22, 5), (22, 8), (22, 11), (22, 14), (22, 17), (22, 20), (22, 23), (24, 5), (24, 8), (24, 11), (24, 14), (24, 17), (24, 20), (24, 23), (26, 9), (26, 12), (26, 15), (26, 18), (26, 21)], 
Best solution touchdown count: [[0 0 0 0 0 0 0 0 0 0 0 0 0 0 0 0 0 0 0 0 0 0 0 0 0 0 0 0 0 0 0]
 [0 0 0 0 0 0 0 0 0 0 0 0 0 0 0 0 0 0 0 0 0 0 0 0 0 0 0 0 0 0 0]
 [0 0 0 0 0 0 0 0 0 0 0 1 1 1 1 1 1 1 1 1 0 0 0 0 0 0 0 0 0 0 0]
 [0 0 0 0 0 0 0 0 0 0 0 1 1 1 1 1 1 1 1 1 0 0 0 0 0 0 0 0 0 0 0]
 [0 0 0 0 0 1 1 1 1 1 1 1 1 1 1 1 1 1 1 1 1 1 1 1 1 1 0 0 0 0 0]
 [0 0 0 0 0 1 1 1 1 1 1 1 1 1 1 1 1 1 1 1 1 1 1 1 1 1 0 0 0 0 0]
 [0 0 0 0 0 1 1 1 1 1 1 1 1 1 1 1 1 1 1 1 1 1 1 1 1 1 0 0 0 0 0]
 [0 0 0 0 0 1 1 1 1 1 1 1 1 1 1 1 1 1 1 1 1 1 1 1 1 1 0 0 0 0 0]
 [0 0 1 1 1 1 1 1 1 1 1 1 1 1 1 1 1 1 1 1 1 1 1 1 1 1 1 1 1 0 0]
 [0 0 1 1 1 1 1 1 1 1 1 1 1 1 1 1 1 1 1 1 1 1 1 1 1 1 1 1 1 0 0]
 [0 1 1 1 1 1 1 1 1 1 1 1 1 1 1 1 1 1 1 1 1 1 1 1 1 1 1 1 0 0 0]
 [0 1 1 1 1 1 1 1 1 1 1 1 1 1 1 1 1 1 1 1 1 1 1 1 1 1 1 1 0 0 0]
 [0 0 1 1 1 1 1 1 1 1 1 1 1 1 1 1 1 1 1 1 1 1 1 1 1 1 1 1 1 0 0]
 [0 0 1 1 1 1 1 1 1 1 1 1 1 1 1 1 1 1 1 1 1 1 1 1 1 1 1 1 1 0 0]
 [0 0 1 1 1 1 1 1 1 1 1 1 1 1 1 1 1 1 1 1 1 1 1 1 1 1 1 1 1 0 0]
 [0 0 1 1 1 1 1 1 1 1 1 1 1 1 1 1 1 1 1 1 1 1 1 1 1 1 1 1 1 0 0]
 [0 1 1 1 1 1 1 1 1 1 1 1 1 1 1 1 1 1 1 1 1 1 1 1 1 1 1 1 0 0 0]
 [0 1 1 1 1 1 1 1 1 1 1 1 1 1 1 1 1 1 1 1 1 1 1 1 1 1 1 1 0 0 0]
 [0 0 0 1 1 1 1 1 1 1 1 1 1 1 1 1 1 1 1 1 1 1 1 1 1 1 1 1 1 1 0]
 [0 0 0 1 1 1 1 1 1 1 1 1 1 1 1 1 1 1 1 1 1 1 1 1 1 1 1 1 1 1 0]
 [0 0 0 0 1 1 1 1 1 1 1 1 1 1 1 1 1 1 1 1 1 1 1 1 1 1 1 1 0 0 0]
 [0 0 0 0 1 1 1 1 1 1 1 1 1 1 1 1 1 1 1 1 1 1 1 1 1 1 1 1 0 0 0]
 [0 0 0 0 0 1 1 1 1 1 1 1 1 1 1 1 1 1 1 1 1 1 1 1 1 1 0 0 0 0 0]
 [0 0 0 0 0 1 1 1 1 1 1 1 1 1 1 1 1 1 1 1 1 1 1 1 1 1 0 0 0 0 0]
 [0 0 0 0 0 1 1 1 1 1 1 1 1 1 1 1 1 1 1 1 1 1 1 1 1 1 0 0 0 0 0]
 [0 0 0 0 0 1 1 1 1 1 1 1 1 1 1 1 1 1 1 1 1 1 1 1 1 1 0 0 0 0 0]
 [0 0 0 0 0 0 0 0 0 1 1 1 1 1 1 1 1 1 1 1 1 1 1 1 0 0 0 0 0 0 0]
 [0 0 0 0 0 0 0 0 0 1 1 1 1 1 1 1 1 1 1 1 1 1 1 1 0 0 0 0 0 0 0]
 [0 0 0 0 0 0 0 0 0 0 0 0 0 0 0 0 0 0 0 0 0 0 0 0 0 0 0 0 0 0 0]
 [0 0 0 0 0 0 0 0 0 0 0 0 0 0 0 0 0 0 0 0 0 0 0 0 0 0 0 0 0 0 0]
 [0 0 0 0 0 0 0 0 0 0 0 0 0 0 0 0 0 0 0 0 0 0 0 0 0 0 0 0 0 0 0]]
