Best objective value: 558.0, 
Median objective value: 558.0, 
All objective values: [558.0, 562.0, 558.0, 558.0, 563.0], 
Calculation times: [307.5047459602356, 214.70786428451538, 139.12031602859497, 140.9113004207611, 188.6206476688385], 
Generations: [77, 57, 53, 52, 52], 
Best solution values: [[658.0, 652.0, 647.0, 628.0, 625.0, 605.0, 605.0, 601.0, 601.0, 597.0, 597.0, 595.0, 587.0, 587.0, 580.0, 580.0, 575.0, 570.0, 568.0, 566.0, 562.0, 562.0, 560.0, 560.0, 560.0, 560.0, 560.0, 560.0, 560.0, 560.0, 560.0, 560.0, 560.0, 560.0, 560.0, 560.0, 560.0, 560.0, 560.0, 560.0, 560.0, 560.0, 560.0, 560.0, 560.0, 560.0, 558.0, 558.0, 558.0, 558.0, 558.0, 558.0, 558.0, 558.0, 558.0, 558.0, 558.0, 558.0, 558.0, 558.0, 558.0, 558.0, 558.0, 558.0, 558.0, 558.0, 558.0, 558.0, 558.0, 558.0, 558.0, 558.0, 558.0, 558.0, 558.0, 558.0, 558.0], [637.0, 637.0, 637.0, 637.0, 628.0, 615.0, 615.0, 615.0, 607.0, 588.0, 588.0, 588.0, 583.0, 583.0, 581.0, 581.0, 577.0, 576.0, 575.0, 574.0, 571.0, 569.0, 568.0, 568.0, 566.0, 564.0, 562.0, 562.0, 562.0, 562.0, 562.0, 562.0, 562.0, 562.0, 562.0, 562.0, 562.0, 562.0, 562.0, 562.0, 562.0, 562.0, 562.0, 562.0, 562.0, 562.0, 562.0, 562.0, 562.0, 562.0, 562.0, 562.0, 562.0, 562.0, 562.0, 562.0, 562.0], [663.0, 638.0, 633.0, 633.0, 633.0, 622.0, 612.0, 612.0, 605.0, 592.0, 592.0, 590.0, 586.0, 584.0, 576.0, 572.0, 569.0, 564.0, 564.0, 564.0, 561.0, 560.0, 558.0, 558.0, 558.0, 558.0, 558.0, 558.0, 558.0, 558.0, 558.0, 558.0, 558.0, 558.0, 558.0, 558.0, 558.0, 558.0, 558.0, 558.0, 558.0, 558.0, 558.0, 558.0, 558.0, 558.0, 558.0, 558.0, 558.0, 558.0, 558.0, 558.0, 558.0], [664.0, 664.0, 646.0, 646.0, 634.0, 622.0, 608.0, 601.0, 596.0, 587.0, 582.0, 570.0, 569.0, 567.0, 565.0, 565.0, 562.0, 562.0, 560.0, 560.0, 560.0, 558.0, 558.0, 558.0, 558.0, 558.0, 558.0, 558.0, 558.0, 558.0, 558.0, 558.0, 558.0, 558.0, 558.0, 558.0, 558.0, 558.0, 558.0, 558.0, 558.0, 558.0, 558.0, 558.0, 558.0, 558.0, 558.0, 558.0, 558.0, 558.0, 558.0, 558.0], [644.0, 644.0, 644.0, 642.0, 632.0, 620.0, 618.0, 616.0, 603.0, 600.0, 596.0, 585.0, 580.0, 580.0, 579.0, 576.0, 574.0, 574.0, 572.0, 570.0, 566.0, 563.0, 563.0, 563.0, 563.0, 563.0, 563.0, 563.0, 563.0, 563.0, 563.0, 563.0, 563.0, 563.0, 563.0, 563.0, 563.0, 563.0, 563.0, 563.0, 563.0, 563.0, 563.0, 563.0, 563.0, 563.0, 563.0, 563.0, 563.0, 563.0, 563.0, 563.0]], 
Best solution: [(2, 8), (2, 15), (4, 5), (4, 13), (4, 18), (6, 4), (6, 11), (6, 19), (8, 4), (8, 12), (8, 20), (10, 1), (10, 9), (10, 17), (10, 22), (12, 1), (12, 8), (12, 15), (12, 22), (14, 1), (14, 8), (14, 16), (14, 22), (16, 1), (16, 8), (16, 15), (16, 22), (18, 1), (18, 6), (18, 14), (18, 22), (20, 4), (20, 12), (20, 20), (22, 3), (22, 11), (22, 19), (24, 4), (24, 12), (24, 19), (26, 7), (26, 15)], 
Best solution touchdown count: [[0 0 0 0 0 0 0 0 0 0 0 0 0 0 0 0 0 0 0 0 0 0 0 0 0 0 0 0 0 0 0]
 [0 0 0 0 0 0 0 0 0 0 0 0 0 0 0 0 0 0 0 0 0 0 0 0 0 0 0 0 0 0 0]
 [0 0 0 0 0 0 0 0 1 1 1 1 1 1 1 2 1 1 1 1 1 1 1 0 0 0 0 0 0 0 0]
 [0 0 0 0 0 0 0 0 1 1 1 1 1 1 1 2 1 1 1 1 1 1 1 0 0 0 0 0 0 0 0]
 [0 0 0 0 0 1 1 1 1 1 1 1 1 1 1 1 1 1 2 2 2 1 1 1 1 1 0 0 0 0 0]
 [0 0 0 0 0 1 1 1 1 1 1 1 1 1 1 1 1 1 2 2 2 1 1 1 1 1 0 0 0 0 0]
 [0 0 0 0 1 1 1 1 1 1 1 2 1 1 1 1 1 1 1 1 1 1 1 1 1 1 1 0 0 0 0]
 [0 0 0 0 1 1 1 1 1 1 1 2 1 1 1 1 1 1 1 1 1 1 1 1 1 1 1 0 0 0 0]
 [0 0 0 0 1 1 1 1 1 1 1 1 1 1 1 1 1 1 1 1 1 1 1 1 1 1 1 1 0 0 0]
 [0 0 0 0 1 1 1 1 1 1 1 1 1 1 1 1 1 1 1 1 1 1 1 1 1 1 1 1 0 0 0]
 [0 1 1 1 1 1 1 1 1 1 1 1 1 1 1 1 1 1 1 1 1 1 2 2 2 1 1 1 1 1 0]
 [0 1 1 1 1 1 1 1 1 1 1 1 1 1 1 1 1 1 1 1 1 1 2 2 2 1 1 1 1 1 0]
 [0 1 1 1 1 1 1 1 2 1 1 1 1 1 1 2 1 1 1 1 1 1 2 1 1 1 1 1 1 1 0]
 [0 1 1 1 1 1 1 1 2 1 1 1 1 1 1 2 1 1 1 1 1 1 2 1 1 1 1 1 1 1 0]
 [0 1 1 1 1 1 1 1 2 1 1 1 1 1 1 1 1 1 1 1 1 1 2 2 1 1 1 1 1 1 0]
 [0 1 1 1 1 1 1 1 2 1 1 1 1 1 1 1 1 1 1 1 1 1 2 2 1 1 1 1 1 1 0]
 [0 1 1 1 1 1 1 1 2 1 1 1 1 1 1 2 1 1 1 1 1 1 2 1 1 1 1 1 1 1 0]
 [0 1 1 1 1 1 1 1 2 1 1 1 1 1 1 2 1 1 1 1 1 1 2 1 1 1 1 1 1 1 0]
 [0 1 1 1 1 1 2 2 2 1 1 1 1 1 1 1 1 1 1 1 1 1 1 1 1 1 1 1 1 1 0]
 [0 1 1 1 1 1 2 2 2 1 1 1 1 1 1 1 1 1 1 1 1 1 1 1 1 1 1 1 1 1 0]
 [0 0 0 0 1 1 1 1 1 1 1 1 1 1 1 1 1 1 1 1 1 1 1 1 1 1 1 1 0 0 0]
 [0 0 0 0 1 1 1 1 1 1 1 1 1 1 1 1 1 1 1 1 1 1 1 1 1 1 1 1 0 0 0]
 [0 0 0 1 1 1 1 1 1 1 1 1 1 1 1 1 1 1 1 1 1 1 1 1 1 1 1 0 0 0 0]
 [0 0 0 1 1 1 1 1 1 1 1 1 1 1 1 1 1 1 1 1 1 1 1 1 1 1 1 0 0 0 0]
 [0 0 0 0 1 1 1 1 1 1 1 1 1 1 1 1 1 1 1 2 1 1 1 1 1 1 1 0 0 0 0]
 [0 0 0 0 1 1 1 1 1 1 1 1 1 1 1 1 1 1 1 2 1 1 1 1 1 1 1 0 0 0 0]
 [0 0 0 0 0 0 0 1 1 1 1 1 1 1 1 1 1 1 1 1 1 1 1 0 0 0 0 0 0 0 0]
 [0 0 0 0 0 0 0 1 1 1 1 1 1 1 1 1 1 1 1 1 1 1 1 0 0 0 0 0 0 0 0]
 [0 0 0 0 0 0 0 0 0 0 0 0 0 0 0 0 0 0 0 0 0 0 0 0 0 0 0 0 0 0 0]
 [0 0 0 0 0 0 0 0 0 0 0 0 0 0 0 0 0 0 0 0 0 0 0 0 0 0 0 0 0 0 0]
 [0 0 0 0 0 0 0 0 0 0 0 0 0 0 0 0 0 0 0 0 0 0 0 0 0 0 0 0 0 0 0]]
