Best objective value: 517.0, 
Median objective value: 521.0, 
All objective values: [525.0, 552.0, 520.0, 521.0, 517.0], 
Calculation times: [603.1172847747803, 202.25518822669983, 303.64925479888916, 601.3749363422394, 436.6404564380646], 
Generations: [126, 70, 78, 109, 90], 
Best solution values: [[638.0, 631.0, 631.0, 622.0, 621.0, 621.0, 619.0, 615.0, 610.0, 606.0, 598.0, 598.0, 596.0, 596.0, 596.0, 588.0, 588.0, 588.0, 588.0, 587.0, 586.0, 584.0, 579.0, 576.0, 576.0, 575.0, 573.0, 573.0, 571.0, 570.0, 569.0, 567.0, 567.0, 566.0, 566.0, 561.0, 560.0, 560.0, 557.0, 554.0, 554.0, 551.0, 548.0, 548.0, 548.0, 548.0, 545.0, 542.0, 542.0, 542.0, 541.0, 541.0, 541.0, 541.0, 541.0, 541.0, 539.0, 537.0, 534.0, 534.0, 534.0, 534.0, 534.0, 534.0, 531.0, 531.0, 531.0, 531.0, 529.0, 529.0, 529.0, 529.0, 529.0, 529.0, 529.0, 529.0, 529.0, 529.0, 529.0, 529.0, 529.0, 529.0, 529.0, 529.0, 529.0, 529.0, 529.0, 527.0, 527.0, 527.0, 527.0, 527.0, 526.0, 526.0, 526.0, 526.0, 526.0, 526.0, 526.0, 525.0, 525.0, 525.0, 525.0, 525.0, 525.0, 525.0, 525.0, 525.0, 525.0, 525.0, 525.0, 525.0, 525.0, 525.0, 525.0, 525.0, 525.0, 525.0, 525.0, 525.0, 525.0, 525.0, 525.0, 525.0, 525.0, 525.0], [639.0, 638.0, 632.0, 632.0, 624.0, 619.0, 615.0, 598.0, 598.0, 598.0, 594.0, 594.0, 593.0, 592.0, 588.0, 586.0, 584.0, 575.0, 573.0, 573.0, 573.0, 571.0, 571.0, 564.0, 564.0, 562.0, 561.0, 561.0, 559.0, 559.0, 559.0, 556.0, 556.0, 556.0, 556.0, 553.0, 553.0, 553.0, 553.0, 552.0, 552.0, 552.0, 552.0, 552.0, 552.0, 552.0, 552.0, 552.0, 552.0, 552.0, 552.0, 552.0, 552.0, 552.0, 552.0, 552.0, 552.0, 552.0, 552.0, 552.0, 552.0, 552.0, 552.0, 552.0, 552.0, 552.0, 552.0, 552.0, 552.0, 552.0], [639.0, 637.0, 634.0, 625.0, 617.0, 614.0, 605.0, 605.0, 604.0, 588.0, 588.0, 578.0, 578.0, 578.0, 577.0, 572.0, 570.0, 570.0, 567.0, 565.0, 562.0, 559.0, 556.0, 554.0, 550.0, 550.0, 548.0, 542.0, 542.0, 541.0, 538.0, 530.0, 530.0, 528.0, 528.0, 528.0, 526.0, 526.0, 526.0, 526.0, 522.0, 522.0, 522.0, 522.0, 522.0, 522.0, 522.0, 520.0, 520.0, 520.0, 520.0, 520.0, 520.0, 520.0, 520.0, 520.0, 520.0, 520.0, 520.0, 520.0, 520.0, 520.0, 520.0, 520.0, 520.0, 520.0, 520.0, 520.0, 520.0, 520.0, 520.0, 520.0, 520.0, 520.0, 520.0, 520.0, 520.0, 520.0], [613.0, 613.0, 613.0, 612.0, 608.0, 608.0, 600.0, 600.0, 594.0, 586.0, 586.0, 582.0, 578.0, 576.0, 570.0, 568.0, 566.0, 566.0, 561.0, 557.0, 551.0, 551.0, 551.0, 551.0, 548.0, 547.0, 547.0, 545.0, 545.0, 545.0, 536.0, 536.0, 536.0, 536.0, 536.0, 536.0, 536.0, 530.0, 530.0, 530.0, 530.0, 530.0, 530.0, 527.0, 527.0, 527.0, 527.0, 527.0, 527.0, 527.0, 524.0, 524.0, 524.0, 524.0, 524.0, 524.0, 523.0, 523.0, 523.0, 523.0, 523.0, 523.0, 523.0, 523.0, 523.0, 523.0, 523.0, 523.0, 523.0, 523.0, 523.0, 523.0, 523.0, 523.0, 523.0, 523.0, 523.0, 523.0, 523.0, 523.0, 523.0, 523.0, 523.0, 523.0, 523.0, 523.0, 521.0, 521.0, 521.0, 521.0, 521.0, 521.0, 521.0, 521.0, 521.0, 521.0, 521.0, 521.0, 521.0, 521.0, 521.0, 521.0, 521.0, 521.0, 521.0, 521.0, 521.0, 521.0, 521.0], [628.0, 628.0, 621.0, 615.0, 615.0, 615.0, 612.0, 606.0, 606.0, 605.0, 593.0, 583.0, 580.0, 573.0, 573.0, 573.0, 571.0, 563.0, 563.0, 562.0, 559.0, 559.0, 559.0, 556.0, 554.0, 553.0, 551.0, 549.0, 547.0, 545.0, 544.0, 543.0, 539.0, 539.0, 537.0, 536.0, 535.0, 534.0, 533.0, 533.0, 531.0, 531.0, 528.0, 528.0, 527.0, 527.0, 526.0, 525.0, 524.0, 524.0, 523.0, 522.0, 518.0, 518.0, 518.0, 518.0, 518.0, 518.0, 518.0, 517.0, 517.0, 517.0, 517.0, 517.0, 517.0, 517.0, 517.0, 517.0, 517.0, 517.0, 517.0, 517.0, 517.0, 517.0, 517.0, 517.0, 517.0, 517.0, 517.0, 517.0, 517.0, 517.0, 517.0, 517.0, 517.0, 517.0, 517.0, 517.0, 517.0, 517.0]], 
Best solution: [(1, 11), (1, 14), (1, 17), (2, 8), (2, 20), (4, 11), (4, 14), (4, 17), (5, 5), (5, 8), (5, 20), (5, 23), (7, 11), (7, 14), (7, 17), (8, 2), (8, 5), (8, 8), (8, 20), (8, 23), (8, 26), (10, 11), (10, 14), (10, 17), (11, 2), (11, 5), (11, 8), (11, 20), (11, 23), (11, 26), (13, 11), (13, 14), (13, 17), (14, 2), (14, 5), (14, 8), (14, 20), (14, 23), (14, 26), (16, 11), (16, 14), (16, 17), (17, 2), (17, 5), (17, 8), (17, 20), (17, 23), (17, 26), (19, 11), (19, 14), (19, 17), (20, 2), (20, 5), (20, 8), (20, 20), (20, 23), (20, 26), (22, 11), (22, 14), (22, 17), (23, 5), (23, 8), (23, 20), (23, 23), (25, 11), (25, 14), (25, 17), (26, 8), (26, 20)], 
Best solution touchdown count: [[0 0 0 0 0 0 0 0 0 0 0 0 0 0 0 0 0 0 0 0 0 0 0 0 0 0 0 0 0 0 0]
 [0 0 0 0 0 0 0 0 0 0 0 1 1 1 1 1 1 1 1 1 0 0 0 0 0 0 0 0 0 0 0]
 [0 0 0 0 0 0 0 0 1 1 1 1 1 1 1 1 1 1 1 1 1 1 1 0 0 0 0 0 0 0 0]
 [0 0 0 0 0 0 0 0 1 1 1 1 1 1 1 1 1 1 1 1 1 1 1 0 0 0 0 0 0 0 0]
 [0 0 0 0 0 0 0 0 1 1 1 1 1 1 1 1 1 1 1 1 1 1 1 0 0 0 0 0 0 0 0]
 [0 0 0 0 0 1 1 1 1 1 1 1 1 1 1 1 1 1 1 1 1 1 1 1 1 1 0 0 0 0 0]
 [0 0 0 0 0 1 1 1 1 1 1 1 1 1 1 1 1 1 1 1 1 1 1 1 1 1 0 0 0 0 0]
 [0 0 0 0 0 1 1 1 1 1 1 1 1 1 1 1 1 1 1 1 1 1 1 1 1 1 0 0 0 0 0]
 [0 0 1 1 1 1 1 1 1 1 1 1 1 1 1 1 1 1 1 1 1 1 1 1 1 1 1 1 1 0 0]
 [0 0 1 1 1 1 1 1 1 1 1 1 1 1 1 1 1 1 1 1 1 1 1 1 1 1 1 1 1 0 0]
 [0 0 1 1 1 1 1 1 1 1 1 1 1 1 1 1 1 1 1 1 1 1 1 1 1 1 1 1 1 0 0]
 [0 0 1 1 1 1 1 1 1 1 1 1 1 1 1 1 1 1 1 1 1 1 1 1 1 1 1 1 1 0 0]
 [0 0 1 1 1 1 1 1 1 1 1 1 1 1 1 1 1 1 1 1 1 1 1 1 1 1 1 1 1 0 0]
 [0 0 1 1 1 1 1 1 1 1 1 1 1 1 1 1 1 1 1 1 1 1 1 1 1 1 1 1 1 0 0]
 [0 0 1 1 1 1 1 1 1 1 1 1 1 1 1 1 1 1 1 1 1 1 1 1 1 1 1 1 1 0 0]
 [0 0 1 1 1 1 1 1 1 1 1 1 1 1 1 1 1 1 1 1 1 1 1 1 1 1 1 1 1 0 0]
 [0 0 1 1 1 1 1 1 1 1 1 1 1 1 1 1 1 1 1 1 1 1 1 1 1 1 1 1 1 0 0]
 [0 0 1 1 1 1 1 1 1 1 1 1 1 1 1 1 1 1 1 1 1 1 1 1 1 1 1 1 1 0 0]
 [0 0 1 1 1 1 1 1 1 1 1 1 1 1 1 1 1 1 1 1 1 1 1 1 1 1 1 1 1 0 0]
 [0 0 1 1 1 1 1 1 1 1 1 1 1 1 1 1 1 1 1 1 1 1 1 1 1 1 1 1 1 0 0]
 [0 0 1 1 1 1 1 1 1 1 1 1 1 1 1 1 1 1 1 1 1 1 1 1 1 1 1 1 1 0 0]
 [0 0 1 1 1 1 1 1 1 1 1 1 1 1 1 1 1 1 1 1 1 1 1 1 1 1 1 1 1 0 0]
 [0 0 1 1 1 1 1 1 1 1 1 1 1 1 1 1 1 1 1 1 1 1 1 1 1 1 1 1 1 0 0]
 [0 0 0 0 0 1 1 1 1 1 1 1 1 1 1 1 1 1 1 1 1 1 1 1 1 1 0 0 0 0 0]
 [0 0 0 0 0 1 1 1 1 1 1 1 1 1 1 1 1 1 1 1 1 1 1 1 1 1 0 0 0 0 0]
 [0 0 0 0 0 1 1 1 1 1 1 1 1 1 1 1 1 1 1 1 1 1 1 1 1 1 0 0 0 0 0]
 [0 0 0 0 0 0 0 0 1 1 1 1 1 1 1 1 1 1 1 1 1 1 1 0 0 0 0 0 0 0 0]
 [0 0 0 0 0 0 0 0 1 1 1 1 1 1 1 1 1 1 1 1 1 1 1 0 0 0 0 0 0 0 0]
 [0 0 0 0 0 0 0 0 1 1 1 0 0 0 0 0 0 0 0 0 1 1 1 0 0 0 0 0 0 0 0]
 [0 0 0 0 0 0 0 0 0 0 0 0 0 0 0 0 0 0 0 0 0 0 0 0 0 0 0 0 0 0 0]
 [0 0 0 0 0 0 0 0 0 0 0 0 0 0 0 0 0 0 0 0 0 0 0 0 0 0 0 0 0 0 0]]
