Best objective value: 551.0, 
Median objective value: 557.0, 
All objective values: [559.0, 563.0, 557.0, 552.0, 551.0], 
Calculation times: [604.9444446563721, 482.5768930912018, 621.5450479984283, 635.2411770820618, 410.81926441192627], 
Generations: [59, 65, 56, 53, 49], 
Best solution values: [[666.0, 666.0, 666.0, 663.0, 658.0, 647.0, 647.0, 634.0, 618.0, 618.0, 603.0, 603.0, 603.0, 598.0, 593.0, 583.0, 579.0, 579.0, 579.0, 579.0, 575.0, 574.0, 567.0, 567.0, 567.0, 567.0, 567.0, 565.0, 565.0, 565.0, 565.0, 565.0, 565.0, 565.0, 565.0, 565.0, 565.0, 565.0, 565.0, 565.0, 565.0, 564.0, 564.0, 564.0, 563.0, 563.0, 563.0, 563.0, 563.0, 563.0, 559.0, 559.0, 559.0, 559.0, 559.0, 559.0, 559.0, 559.0, 559.0], [653.0, 653.0, 653.0, 653.0, 645.0, 645.0, 637.0, 629.0, 629.0, 610.0, 606.0, 606.0, 606.0, 606.0, 606.0, 593.0, 583.0, 582.0, 582.0, 582.0, 582.0, 578.0, 578.0, 576.0, 574.0, 573.0, 573.0, 570.0, 568.0, 567.0, 567.0, 567.0, 567.0, 567.0, 563.0, 563.0, 563.0, 563.0, 563.0, 563.0, 563.0, 563.0, 563.0, 563.0, 563.0, 563.0, 563.0, 563.0, 563.0, 563.0, 563.0, 563.0, 563.0, 563.0, 563.0, 563.0, 563.0, 563.0, 563.0, 563.0, 563.0, 563.0, 563.0, 563.0, 563.0], [658.0, 645.0, 643.0, 642.0, 642.0, 638.0, 624.0, 624.0, 610.0, 610.0, 610.0, 604.0, 604.0, 604.0, 594.0, 583.0, 582.0, 582.0, 580.0, 580.0, 576.0, 573.0, 573.0, 570.0, 570.0, 568.0, 568.0, 565.0, 565.0, 565.0, 565.0, 565.0, 564.0, 561.0, 561.0, 561.0, 557.0, 557.0, 557.0, 557.0, 557.0, 557.0, 557.0, 557.0, 557.0, 557.0, 557.0, 557.0, 557.0, 557.0, 557.0, 557.0, 557.0, 557.0, 557.0, 557.0], [643.0, 643.0, 639.0, 639.0, 639.0, 639.0, 618.0, 618.0, 614.0, 614.0, 612.0, 598.0, 598.0, 587.0, 587.0, 585.0, 585.0, 585.0, 582.0, 582.0, 582.0, 576.0, 574.0, 574.0, 567.0, 567.0, 566.0, 562.0, 562.0, 562.0, 561.0, 561.0, 561.0, 561.0, 561.0, 561.0, 561.0, 561.0, 561.0, 561.0, 552.0, 552.0, 552.0, 552.0, 552.0, 552.0, 552.0, 552.0, 552.0, 552.0, 552.0, 552.0, 552.0], [669.0, 638.0, 638.0, 638.0, 634.0, 634.0, 617.0, 617.0, 606.0, 596.0, 578.0, 578.0, 566.0, 566.0, 563.0, 562.0, 559.0, 559.0, 551.0, 551.0, 551.0, 551.0, 551.0, 551.0, 551.0, 551.0, 551.0, 551.0, 551.0, 551.0, 551.0, 551.0, 551.0, 551.0, 551.0, 551.0, 551.0, 551.0, 551.0, 551.0, 551.0, 551.0, 551.0, 551.0, 551.0, 551.0, 551.0, 551.0, 551.0]], 
Best solution: [(1, 11), (1, 15), (2, 8), (2, 19), (5, 4), (5, 12), (5, 15), (5, 19), (5, 23), (6, 8), (9, 2), (9, 5), (9, 9), (9, 13), (9, 17), (9, 21), (9, 25), (13, 2), (13, 6), (13, 10), (13, 14), (13, 18), (13, 22), (13, 26), (17, 1), (17, 5), (17, 9), (17, 13), (17, 17), (17, 21), (17, 25), (20, 20), (21, 4), (21, 8), (21, 12), (21, 16), (21, 23), (22, 4), (24, 20), (25, 8), (25, 12), (25, 16)], 
Best solution touchdown count: [[0 0 0 0 0 0 0 0 0 0 0 0 0 0 0 0 0 0 0 0 0 0 0 0 0 0 0 0 0 0 0]
 [0 0 0 0 0 0 0 0 0 0 0 1 1 1 1 1 1 1 1 0 0 0 0 0 0 0 0 0 0 0 0]
 [0 0 0 0 0 0 0 0 1 1 1 2 1 1 1 1 1 1 1 1 1 1 1 0 0 0 0 0 0 0 0]
 [0 0 0 0 0 0 0 0 1 1 1 2 1 1 1 1 1 1 1 1 1 1 1 0 0 0 0 0 0 0 0]
 [0 0 0 0 0 0 0 0 1 1 1 2 1 1 1 1 1 1 1 1 1 1 1 0 0 0 0 0 0 0 0]
 [0 0 0 0 1 1 1 1 1 1 1 1 1 1 1 2 1 1 1 2 2 2 2 1 1 1 1 0 0 0 0]
 [0 0 0 0 1 1 1 1 1 1 1 1 1 1 1 2 1 1 1 1 1 1 1 1 1 1 1 0 0 0 0]
 [0 0 0 0 1 1 1 1 1 1 1 1 1 1 1 2 1 1 1 1 1 1 1 1 1 1 1 0 0 0 0]
 [0 0 0 0 1 1 1 1 1 1 1 1 1 1 1 2 1 1 1 1 1 1 1 1 1 1 1 0 0 0 0]
 [0 0 1 1 1 2 1 1 2 2 2 2 1 1 1 1 1 1 1 1 1 1 1 1 1 1 1 1 1 0 0]
 [0 0 1 1 1 2 1 1 1 1 1 1 1 1 1 1 1 1 1 1 1 1 1 1 1 1 1 1 1 0 0]
 [0 0 1 1 1 2 1 1 1 1 1 1 1 1 1 1 1 1 1 1 1 1 1 1 1 1 1 1 1 0 0]
 [0 0 1 1 1 2 1 1 1 1 1 1 1 1 1 1 1 1 1 1 1 1 1 1 1 1 1 1 1 0 0]
 [0 0 1 1 1 1 1 1 1 1 1 1 1 1 1 1 1 1 1 1 1 1 1 1 1 1 1 1 1 1 0]
 [0 0 1 1 1 1 1 1 1 1 1 1 1 1 1 1 1 1 1 1 1 1 1 1 1 1 1 1 1 1 0]
 [0 0 1 1 1 1 1 1 1 1 1 1 1 1 1 1 1 1 1 1 1 1 1 1 1 1 1 1 1 1 0]
 [0 0 1 1 1 1 1 1 1 1 1 1 1 1 1 1 1 1 1 1 1 1 1 1 1 1 1 1 1 1 0]
 [0 1 1 1 1 1 1 1 1 1 1 1 1 1 1 1 1 1 1 1 1 1 1 1 1 1 1 1 1 0 0]
 [0 1 1 1 1 1 1 1 1 1 1 1 1 1 1 1 1 1 1 1 1 1 1 1 1 1 1 1 1 0 0]
 [0 1 1 1 1 1 1 1 1 1 1 1 1 1 1 1 1 1 1 1 1 1 1 1 1 1 1 1 1 0 0]
 [0 1 1 1 1 1 1 1 1 1 1 1 1 1 1 1 1 1 1 1 2 2 2 2 1 1 1 1 1 0 0]
 [0 0 0 0 1 1 1 1 1 1 1 1 1 1 1 1 1 1 1 1 1 1 1 2 1 1 1 0 0 0 0]
 [0 0 0 0 2 2 2 2 1 1 1 1 1 1 1 1 1 1 1 1 1 1 1 2 1 1 1 0 0 0 0]
 [0 0 0 0 2 2 2 2 1 1 1 1 1 1 1 1 1 1 1 1 1 1 1 2 1 1 1 0 0 0 0]
 [0 0 0 0 2 2 2 2 1 1 1 1 1 1 1 1 1 1 1 1 1 1 1 2 1 1 1 0 0 0 0]
 [0 0 0 0 1 1 1 1 1 1 1 1 1 1 1 1 1 1 1 1 1 1 1 1 0 0 0 0 0 0 0]
 [0 0 0 0 0 0 0 0 1 1 1 1 1 1 1 1 1 1 1 1 1 1 1 1 0 0 0 0 0 0 0]
 [0 0 0 0 0 0 0 0 1 1 1 1 1 1 1 1 1 1 1 1 1 1 1 1 0 0 0 0 0 0 0]
 [0 0 0 0 0 0 0 0 1 1 1 1 1 1 1 1 1 1 1 1 0 0 0 0 0 0 0 0 0 0 0]
 [0 0 0 0 0 0 0 0 0 0 0 0 0 0 0 0 0 0 0 0 0 0 0 0 0 0 0 0 0 0 0]
 [0 0 0 0 0 0 0 0 0 0 0 0 0 0 0 0 0 0 0 0 0 0 0 0 0 0 0 0 0 0 0]]
