Best objective value: 517.0, 
Median objective value: 517.0, 
All objective values: [551.0, 517.0, 517.0, 555.0, 517.0], 
Calculation times: [600.6954135894775, 622.0903370380402, 619.4377903938293, 601.8242201805115, 617.0570824146271], 
Generations: [103, 87, 91, 82, 96], 
Best solution values: [[642.0, 640.0, 638.0, 633.0, 633.0, 624.0, 624.0, 624.0, 622.0, 616.0, 613.0, 613.0, 613.0, 607.0, 607.0, 603.0, 601.0, 600.0, 597.0, 596.0, 591.0, 591.0, 591.0, 591.0, 587.0, 586.0, 582.0, 582.0, 581.0, 581.0, 581.0, 580.0, 580.0, 579.0, 579.0, 577.0, 577.0, 577.0, 577.0, 577.0, 577.0, 574.0, 574.0, 574.0, 574.0, 574.0, 574.0, 574.0, 572.0, 572.0, 572.0, 570.0, 570.0, 570.0, 570.0, 569.0, 569.0, 569.0, 568.0, 568.0, 561.0, 561.0, 561.0, 561.0, 560.0, 560.0, 557.0, 557.0, 557.0, 557.0, 557.0, 557.0, 557.0, 556.0, 556.0, 556.0, 556.0, 555.0, 553.0, 553.0, 553.0, 553.0, 552.0, 552.0, 552.0, 552.0, 552.0, 552.0, 552.0, 552.0, 552.0, 552.0, 552.0, 552.0, 552.0, 552.0, 552.0, 551.0, 551.0, 551.0, 551.0, 551.0, 551.0], [644.0, 641.0, 638.0, 636.0, 635.0, 635.0, 633.0, 626.0, 618.0, 614.0, 614.0, 614.0, 610.0, 609.0, 599.0, 597.0, 597.0, 596.0, 596.0, 593.0, 590.0, 582.0, 582.0, 577.0, 577.0, 575.0, 573.0, 572.0, 571.0, 570.0, 569.0, 568.0, 564.0, 563.0, 562.0, 562.0, 561.0, 561.0, 560.0, 559.0, 558.0, 557.0, 556.0, 553.0, 551.0, 551.0, 550.0, 550.0, 546.0, 546.0, 542.0, 539.0, 539.0, 539.0, 539.0, 535.0, 535.0, 535.0, 535.0, 535.0, 528.0, 523.0, 518.0, 517.0, 517.0, 517.0, 517.0, 517.0, 517.0, 517.0, 517.0, 517.0, 517.0, 517.0, 517.0, 517.0, 517.0, 517.0, 517.0, 517.0, 517.0, 517.0, 517.0, 517.0, 517.0, 517.0, 517.0], [642.0, 642.0, 640.0, 632.0, 628.0, 628.0, 623.0, 623.0, 620.0, 616.0, 612.0, 606.0, 604.0, 604.0, 604.0, 596.0, 594.0, 592.0, 590.0, 586.0, 583.0, 583.0, 582.0, 579.0, 577.0, 577.0, 571.0, 568.0, 568.0, 568.0, 564.0, 564.0, 562.0, 561.0, 560.0, 557.0, 556.0, 556.0, 556.0, 554.0, 552.0, 551.0, 551.0, 546.0, 545.0, 545.0, 545.0, 545.0, 544.0, 542.0, 542.0, 542.0, 541.0, 540.0, 539.0, 539.0, 539.0, 539.0, 539.0, 539.0, 539.0, 539.0, 539.0, 537.0, 535.0, 532.0, 532.0, 530.0, 530.0, 530.0, 530.0, 530.0, 529.0, 528.0, 527.0, 527.0, 527.0, 525.0, 521.0, 517.0, 517.0, 517.0, 517.0, 517.0, 517.0, 517.0, 517.0, 517.0, 517.0, 517.0, 517.0], [637.0, 637.0, 635.0, 634.0, 632.0, 632.0, 632.0, 631.0, 623.0, 623.0, 619.0, 619.0, 613.0, 613.0, 613.0, 610.0, 597.0, 597.0, 595.0, 594.0, 593.0, 587.0, 585.0, 580.0, 579.0, 577.0, 576.0, 576.0, 575.0, 574.0, 572.0, 571.0, 571.0, 570.0, 569.0, 568.0, 565.0, 564.0, 564.0, 564.0, 564.0, 562.0, 561.0, 561.0, 561.0, 561.0, 560.0, 559.0, 558.0, 558.0, 558.0, 558.0, 558.0, 558.0, 558.0, 558.0, 558.0, 558.0, 558.0, 558.0, 558.0, 558.0, 558.0, 558.0, 558.0, 558.0, 558.0, 558.0, 558.0, 558.0, 558.0, 558.0, 558.0, 558.0, 558.0, 558.0, 558.0, 557.0, 557.0, 557.0, 557.0, 555.0], [647.0, 646.0, 632.0, 632.0, 632.0, 632.0, 632.0, 627.0, 627.0, 626.0, 626.0, 619.0, 618.0, 617.0, 614.0, 610.0, 610.0, 608.0, 605.0, 601.0, 601.0, 598.0, 598.0, 596.0, 596.0, 591.0, 591.0, 586.0, 586.0, 586.0, 578.0, 577.0, 577.0, 575.0, 575.0, 575.0, 573.0, 572.0, 571.0, 571.0, 570.0, 569.0, 564.0, 564.0, 564.0, 562.0, 560.0, 560.0, 557.0, 557.0, 554.0, 549.0, 546.0, 546.0, 546.0, 545.0, 540.0, 540.0, 540.0, 540.0, 540.0, 540.0, 540.0, 535.0, 535.0, 535.0, 532.0, 532.0, 532.0, 532.0, 532.0, 527.0, 526.0, 526.0, 521.0, 521.0, 517.0, 517.0, 517.0, 517.0, 517.0, 517.0, 517.0, 517.0, 517.0, 517.0, 517.0, 517.0, 517.0, 517.0, 517.0, 517.0, 517.0, 517.0, 517.0, 517.0]], 
Best solution: [(2, 14), (3, 11), (3, 16), (4, 8), (4, 13), (4, 18), (5, 5), (5, 10), (5, 15), (5, 20), (6, 7), (6, 12), (6, 17), (6, 22), (7, 4), (7, 9), (7, 14), (7, 19), (7, 24), (8, 6), (8, 11), (8, 16), (8, 21), (9, 3), (9, 8), (9, 13), (9, 18), (9, 23), (10, 5), (10, 10), (10, 15), (10, 20), (10, 25), (11, 2), (11, 7), (11, 12), (11, 17), (11, 22), (11, 27), (12, 4), (12, 9), (12, 14), (12, 19), (12, 24), (13, 1), (13, 6), (13, 11), (13, 16), (13, 21), (13, 26), (14, 3), (14, 8), (14, 13), (14, 18), (14, 23), (15, 5), (15, 10), (15, 15), (15, 20), (15, 25), (16, 2), (16, 7), (16, 12), (16, 17), (16, 22), (16, 27), (17, 4), (17, 9), (17, 14), (17, 19), (17, 24), (18, 1), (18, 6), (18, 11), (18, 16), (18, 21), (18, 26), (19, 3), (19, 8), (19, 13), (19, 18), (19, 23), (20, 5), (20, 10), (20, 15), (20, 20), (20, 25), (21, 2), (21, 7), (21, 12), (21, 17), (21, 22), (22, 4), (22, 9), (22, 14), (22, 19), (22, 24), (23, 6), (23, 11), (23, 16), (23, 21), (24, 8), (24, 13), (24, 18), (24, 23), (25, 5), (25, 10), (25, 15), (25, 20), (26, 7), (26, 12), (26, 17), (26, 22), (27, 9), (27, 14), (27, 19), (28, 11), (28, 16)], 
Best solution touchdown count: [[0 0 0 0 0 0 0 0 0 0 0 0 0 0 0 0 0 0 0 0 0 0 0 0 0 0 0 0 0 0 0]
 [0 0 0 0 0 0 0 0 0 0 0 0 0 0 0 1 0 0 0 0 0 0 0 0 0 0 0 0 0 0 0]
 [0 0 0 0 0 0 0 0 0 0 0 0 1 0 1 1 1 1 0 0 0 0 0 0 0 0 0 0 0 0 0]
 [0 0 0 0 0 0 0 0 0 1 0 1 1 1 1 1 1 1 1 1 0 0 0 0 0 0 0 0 0 0 0]
 [0 0 0 0 0 0 1 0 1 1 1 1 1 1 1 1 1 1 1 1 1 1 0 0 0 0 0 0 0 0 0]
 [0 0 0 0 0 1 1 1 1 1 1 1 1 1 1 1 1 1 1 1 1 1 1 1 0 0 0 0 0 0 0]
 [0 0 0 0 0 1 1 1 1 1 1 1 1 1 1 1 1 1 1 1 1 1 1 1 1 1 0 0 0 0 0]
 [0 0 0 0 1 1 1 1 1 1 1 1 1 1 1 1 1 1 1 1 1 1 1 1 1 1 1 0 0 0 0]
 [0 0 0 0 1 1 1 1 1 1 1 1 1 1 1 1 1 1 1 1 1 1 1 1 1 1 0 0 0 0 0]
 [0 0 0 1 1 1 1 1 1 1 1 1 1 1 1 1 1 1 1 1 1 1 1 1 1 1 1 0 0 0 0]
 [0 0 0 1 1 1 1 1 1 1 1 1 1 1 1 1 1 1 1 1 1 1 1 1 1 1 1 1 1 0 0]
 [0 0 1 1 1 1 1 1 1 1 1 1 1 1 1 1 1 1 1 1 1 1 1 1 1 1 1 1 1 1 0]
 [0 0 1 1 1 1 1 1 1 1 1 1 1 1 1 1 1 1 1 1 1 1 1 1 1 1 1 1 1 0 0]
 [0 1 1 1 1 1 1 1 1 1 1 1 1 1 1 1 1 1 1 1 1 1 1 1 1 1 1 1 1 0 0]
 [0 0 1 1 1 1 1 1 1 1 1 1 1 1 1 1 1 1 1 1 1 1 1 1 1 1 1 1 0 0 0]
 [0 0 0 1 1 1 1 1 1 1 1 1 1 1 1 1 1 1 1 1 1 1 1 1 1 1 1 1 1 0 0]
 [0 0 1 1 1 1 1 1 1 1 1 1 1 1 1 1 1 1 1 1 1 1 1 1 1 1 1 1 1 1 0]
 [0 0 1 1 1 1 1 1 1 1 1 1 1 1 1 1 1 1 1 1 1 1 1 1 1 1 1 1 1 0 0]
 [0 1 1 1 1 1 1 1 1 1 1 1 1 1 1 1 1 1 1 1 1 1 1 1 1 1 1 1 1 0 0]
 [0 0 1 1 1 1 1 1 1 1 1 1 1 1 1 1 1 1 1 1 1 1 1 1 1 1 1 1 0 0 0]
 [0 0 0 1 1 1 1 1 1 1 1 1 1 1 1 1 1 1 1 1 1 1 1 1 1 1 1 1 0 0 0]
 [0 0 1 1 1 1 1 1 1 1 1 1 1 1 1 1 1 1 1 1 1 1 1 1 1 1 1 0 0 0 0]
 [0 0 0 1 1 1 1 1 1 1 1 1 1 1 1 1 1 1 1 1 1 1 1 1 1 1 1 0 0 0 0]
 [0 0 0 0 0 1 1 1 1 1 1 1 1 1 1 1 1 1 1 1 1 1 1 1 1 1 0 0 0 0 0]
 [0 0 0 0 0 0 1 1 1 1 1 1 1 1 1 1 1 1 1 1 1 1 1 1 1 1 0 0 0 0 0]
 [0 0 0 0 0 1 1 1 1 1 1 1 1 1 1 1 1 1 1 1 1 1 1 1 1 0 0 0 0 0 0]
 [0 0 0 0 0 0 1 1 1 1 1 1 1 1 1 1 1 1 1 1 1 1 1 1 1 0 0 0 0 0 0]
 [0 0 0 0 0 0 0 0 1 1 1 1 1 1 1 1 1 1 1 1 1 1 0 1 0 0 0 0 0 0 0]
 [0 0 0 0 0 0 0 0 0 0 1 1 1 1 0 1 1 1 1 0 1 0 0 0 0 0 0 0 0 0 0]
 [0 0 0 0 0 0 0 0 0 0 0 0 1 0 0 0 0 1 0 0 0 0 0 0 0 0 0 0 0 0 0]
 [0 0 0 0 0 0 0 0 0 0 0 0 0 0 0 0 0 0 0 0 0 0 0 0 0 0 0 0 0 0 0]]
