Best objective value: [550.], 
Calculation time: 198.98756980895996, 
Generations: 101, 
Best solution: [(2, 10), (2, 15), (3, 12), (3, 17), (4, 9), (4, 14), (4, 19), (4, 20), (5, 6), (5, 11), (5, 16), (5, 23), (6, 8), (6, 13), (6, 18), (6, 21), (7, 5), (7, 10), (7, 15), (7, 19), (7, 24), (8, 7), (8, 12), (8, 17), (8, 22), (9, 4), (9, 9), (9, 14), (9, 15), (9, 20), (9, 25), (10, 6), (10, 11), (10, 18), (10, 23), (11, 3), (11, 8), (11, 13), (11, 16), (11, 21), (11, 26), (12, 5), (12, 10), (12, 14), (12, 19), (12, 24), (13, 2), (13, 7), (13, 12), (13, 17), (13, 22), (13, 27), (14, 4), (14, 9), (14, 15), (14, 20), (14, 25), (15, 1), (15, 6), (15, 11), (15, 13), (15, 18), (15, 23), (16, 3), (16, 8), (16, 16), (16, 21), (16, 26), (17, 5), (17, 10), (17, 12), (17, 14), (17, 19), (17, 24), (18, 2), (18, 7), (18, 17), (18, 22), (18, 26), (19, 4), (19, 9), (19, 11), (19, 13), (19, 15), (19, 20), (19, 24), (20, 6), (20, 9), (20, 17), (20, 18), (20, 22), (20, 26), (21, 3), (21, 7), (21, 12), (21, 14), (21, 19), (21, 24), (22, 5), (22, 10), (22, 16), (22, 21), (23, 3), (23, 8), (23, 13), (23, 18), (23, 23), (24, 6), (24, 11), (24, 15), (24, 20), (25, 9), (25, 13), (25, 17), (25, 22), (26, 7), (26, 11), (26, 15), (26, 19), (28, 10), (28, 12), (28, 13), (28, 14), (28, 16), (28, 17), (28, 18)], 
Touchdown map: [[0 0 0 0 0 0 0 0 0 0 0 0 0 0 0 0 0 0 0 0 0 0 0 0 0 0 0 0 0 0 0]
 [0 0 0 0 0 0 0 0 0 0 0 1 0 0 0 0 1 0 0 0 0 0 0 0 0 0 0 0 0 0 0]
 [0 0 0 0 0 0 0 0 0 0 1 1 1 1 0 1 1 1 1 0 0 0 0 0 0 0 0 0 0 0 0]
 [0 0 0 0 0 0 0 0 0 0 1 1 1 1 1 1 1 1 1 1 1 1 0 0 0 0 0 0 0 0 0]
 [0 0 0 0 0 0 0 1 0 1 1 1 1 1 1 1 1 1 1 1 2 2 1 0 1 0 0 0 0 0 0]
 [0 0 0 0 0 0 1 1 1 1 1 1 1 1 1 1 1 1 1 1 1 1 1 1 1 1 0 0 0 0 0]
 [0 0 0 0 0 0 1 1 1 1 1 1 1 1 1 1 1 1 1 1 2 1 1 1 1 1 0 0 0 0 0]
 [0 0 0 0 0 1 1 1 1 1 1 1 1 1 1 1 1 1 1 2 1 1 1 1 1 1 1 0 0 0 0]
 [0 0 0 0 0 1 1 1 1 1 1 1 1 1 1 1 2 1 1 1 1 1 1 1 1 1 1 0 0 0 0]
 [0 0 0 0 1 1 1 1 1 1 1 1 1 1 1 2 2 1 1 1 1 1 1 1 1 1 1 1 0 0 0]
 [0 0 0 0 1 1 1 1 1 1 1 1 1 1 1 1 1 1 1 1 1 1 1 1 1 1 1 1 0 0 0]
 [0 0 0 1 1 1 1 1 1 1 1 1 1 1 1 2 1 1 1 1 1 1 1 1 1 1 1 1 1 0 0]
 [0 0 0 1 1 1 1 1 1 1 1 1 1 1 2 1 1 1 1 1 1 1 1 1 1 1 1 1 1 0 0]
 [0 0 1 1 1 1 1 1 1 1 1 1 1 1 1 1 1 1 1 1 1 1 1 1 1 1 1 1 1 1 0]
 [0 0 1 1 1 1 1 1 1 1 1 1 1 1 1 1 1 1 1 1 1 1 1 1 1 1 1 1 1 0 0]
 [0 1 1 1 1 1 1 1 1 1 1 1 1 2 1 1 1 1 1 1 1 1 1 1 1 1 1 1 0 0 0]
 [0 0 1 1 1 1 1 1 1 1 1 1 1 1 1 1 1 1 1 1 1 1 1 1 1 1 1 1 1 0 0]
 [0 0 0 1 1 1 1 1 1 1 1 1 2 1 2 1 1 1 1 1 1 1 1 1 1 1 1 2 0 0 0]
 [0 0 1 1 1 1 1 1 1 1 1 1 1 1 1 1 1 1 1 1 1 1 1 1 1 2 1 1 1 0 0]
 [0 0 0 1 1 1 1 1 1 1 2 2 1 2 1 2 1 1 2 1 1 1 1 2 1 1 1 2 0 0 0]
 [0 0 0 0 1 1 1 1 2 1 2 1 1 1 1 1 1 1 2 2 2 1 1 1 1 2 1 1 1 0 0]
 [0 0 0 1 1 1 1 2 1 1 1 1 1 1 2 1 1 1 1 2 1 1 1 1 1 1 1 1 0 0 0]
 [0 0 0 0 2 1 1 1 1 1 1 1 1 1 1 1 1 1 1 1 1 1 1 1 1 1 0 0 0 0 0]
 [0 0 0 1 1 1 1 1 1 1 1 1 1 1 1 1 1 1 1 1 1 1 1 1 1 1 0 0 0 0 0]
 [0 0 0 0 1 0 1 1 1 1 1 1 1 1 2 1 1 1 1 1 1 1 1 1 1 0 0 0 0 0 0]
 [0 0 0 0 0 0 0 1 1 1 1 1 2 1 1 1 2 1 1 1 1 1 1 1 1 0 0 0 0 0 0]
 [0 0 0 0 0 0 0 1 1 1 1 1 1 1 1 1 1 1 1 1 1 1 0 1 0 0 0 0 0 0 0]
 [0 0 0 0 0 0 0 0 1 0 0 1 1 1 1 1 1 1 1 1 1 0 0 0 0 0 0 0 0 0 0]
 [0 0 0 0 0 0 0 0 0 0 1 1 2 2 3 2 2 2 3 2 1 0 0 0 0 0 0 0 0 0 0]
 [0 0 0 0 0 0 0 0 0 0 0 1 0 1 1 1 0 1 1 1 0 0 0 0 0 0 0 0 0 0 0]
 [0 0 0 0 0 0 0 0 0 0 0 0 0 0 0 0 0 0 0 0 0 0 0 0 0 0 0 0 0 0 0]]
